WHERE	SUB	KIND	untranslatable	method	filename	filetype	location	parent	name	type	property	unique_id	text	identifier	translation	DESCRIPTION	Comments	max_length
Items	/	Rarity	0	substr									Common	1338	コモン	"Defined as enum at ItemData.gd.
Dynamically changed on Tooltip.gd"		
Items	/	Rarity	0	substr									Rare	1340	レア	"Defined as enum at ItemData.gd.
Dynamically changed on Tooltip.gd"		
Items	/	Rarity	0	substr									Legendary	1342	レジェンダリー	"Defined as enum at ItemData.gd.
Dynamically changed on Tooltip.gd"		
Items	Armor	name	0	substr									Armor Plate	1344	アーマープレート			
Items	Armor	type	0	substr									Armor	1346	アーマー			
Items	Armor	name	0	substr									Armor Plate {class}	1348	アーマープレート {class}			
Items	Armor/Armor_Plate_II	name	0	substr	Items/Armor/Armor_Plate_II	tres					name		Armor Plate (II)	1350	アーマープレート (II)			
Items	Armor/Armor_Plate_II	name	0	ignore	Items/Armor/Armor_Plate_II	tres					inventory		Armor Plate					
Items	Armor/Armor_Plate_II	name	0	ignore	Items/Armor/Armor_Plate_II	tres					rotated		Armor Plate					
Items	Armor/Armor_Plate_II	name	0	ignore	Items/Armor/Armor_Plate_II	tres					equipment		Armor Plate					
Items	Armor/Armor_Plate_II	type	0	ignore	Items/Armor/Armor_Plate_II	tres					display		Armor					
Items	Armor/Armor_Plate_III+	name	0	substr	Items/Armor/Armor_Plate_III+	tres					name		Armor Plate (III+)	1352	アーマープレート (III+)			
Items	Armor/Armor_Plate_III+	name	0	ignore	Items/Armor/Armor_Plate_III+	tres					inventory		Armor Plate					
Items	Armor/Armor_Plate_III+	name	0	ignore	Items/Armor/Armor_Plate_III+	tres					rotated		Armor Plate					
Items	Armor/Armor_Plate_III+	name	0	ignore	Items/Armor/Armor_Plate_III+	tres					equipment		Armor Plate					
Items	Armor/Armor_Plate_III+	type	0	ignore	Items/Armor/Armor_Plate_III+	tres					display		Armor					
Items	Armor/Armor_Plate_III	name	0	substr	Items/Armor/Armor_Plate_III	tres					name		Armor Plate (III)	1354	アーマープレート (III)			
Items	Armor/Armor_Plate_III	name	0	ignore	Items/Armor/Armor_Plate_III	tres					inventory		Armor Plate					
Items	Armor/Armor_Plate_III	name	0	ignore	Items/Armor/Armor_Plate_III	tres					rotated		Armor Plate					
Items	Armor/Armor_Plate_III	name	0	ignore	Items/Armor/Armor_Plate_III	tres					equipment		Armor Plate					
Items	Armor/Armor_Plate_III	type	0	ignore	Items/Armor/Armor_Plate_III	tres					display		Armor					
Items	Armor/Armor_Plate_IIIA	name	0	substr	Items/Armor/Armor_Plate_IIIA	tres					name		Armor Plate (IIIA)	1356	アーマープレート (IIIA)			
Items	Armor/Armor_Plate_IIIA	name	0	ignore	Items/Armor/Armor_Plate_IIIA	tres					inventory		Armor Plate					
Items	Armor/Armor_Plate_IIIA	name	0	ignore	Items/Armor/Armor_Plate_IIIA	tres					rotated		Armor Plate					
Items	Armor/Armor_Plate_IIIA	name	0	ignore	Items/Armor/Armor_Plate_IIIA	tres					equipment		Armor Plate					
Items	Armor/Armor_Plate_IIIA	type	0	ignore	Items/Armor/Armor_Plate_IIIA	tres					display		Armor					
Items	Armor/Armor_Plate_IV	name	0	substr	Items/Armor/Armor_Plate_IV	tres					name		Armor Plate (IV)	1358	アーマープレート (IV)			
Items	Armor/Armor_Plate_IV	name	0	ignore	Items/Armor/Armor_Plate_IV	tres					inventory		Armor Plate					
Items	Armor/Armor_Plate_IV	name	0	ignore	Items/Armor/Armor_Plate_IV	tres					rotated		Armor Plate					
Items	Armor/Armor_Plate_IV	name	0	ignore	Items/Armor/Armor_Plate_IV	tres					equipment		Armor Plate					
Items	Armor/Armor_Plate_IV	type	0	ignore	Items/Armor/Armor_Plate_IV	tres					display		Armor					
Items	Backpacks	type	0	substr									Backpack	1360	バックパック			
Items	Backpacks/Backpack_Jaeger_Black	name	0	substr	Items/Backpacks/Backpack_Jaeger/Backpack_Jaeger_Black	tres					name		Jääkäri Backpack (Black)	1362	ヤーカリ・バックパック（ブラック）			
Items	Backpacks/Backpack_Jaeger_Black	name	0	substr	Items/Backpacks/Backpack_Jaeger/Backpack_Jaeger_Black	tres					inventory		Jääkäri BP.	1364	ヤーカリ BP.			
Items	Backpacks/Backpack_Jaeger_Black	name	0	ignore	Items/Backpacks/Backpack_Jaeger/Backpack_Jaeger_Black	tres					rotated		Jääkäri BP.					
Items	Backpacks/Backpack_Jaeger_Black	name	0	ignore	Items/Backpacks/Backpack_Jaeger/Backpack_Jaeger_Black	tres					equipment		Jääkäri BP.					
Items	Backpacks/Backpack_Jaeger_Black	name	0	ignore	Items/Backpacks/Backpack_Jaeger/Backpack_Jaeger_Black	tres					display		Jääkäri BP.					
Items	Backpacks/Backpack_Jaeger_Black	type	0	ignore	Items/Backpacks/Backpack_Jaeger/Backpack_Jaeger_Black	tres					type		Backpack					
Items	Backpacks/Backpack_Jaeger_Brown	name	0	substr	Items/Backpacks/Backpack_Jaeger/Backpack_Jaeger_Brown	tres					name		Jääkäri Backpack (Brown)	1366	ヤーカリ・バックパック（ブラウン）			
Items	Backpacks/Backpack_Jaeger_Brown	name	0	ignore	Items/Backpacks/Backpack_Jaeger/Backpack_Jaeger_Brown	tres					inventory		Jääkäri BP.					
Items	Backpacks/Backpack_Jaeger_Brown	name	0	ignore	Items/Backpacks/Backpack_Jaeger/Backpack_Jaeger_Brown	tres					rotated		Jääkäri BP.					
Items	Backpacks/Backpack_Jaeger_Brown	name	0	ignore	Items/Backpacks/Backpack_Jaeger/Backpack_Jaeger_Brown	tres					equipment		Jääkäri BP.					
Items	Backpacks/Backpack_Jaeger_Brown	name	0	ignore	Items/Backpacks/Backpack_Jaeger/Backpack_Jaeger_Brown	tres					display		Jääkäri BP.					
Items	Backpacks/Backpack_Jaeger_Brown	type	0	ignore	Items/Backpacks/Backpack_Jaeger/Backpack_Jaeger_Brown	tres					type		Backpack					
Items	Backpacks/Backpack_Jaeger_Green	name	0	substr	Items/Backpacks/Backpack_Jaeger/Backpack_Jaeger_Green	tres					name		Jääkäri Backpack (Green)	1368	ヤーカリ・バックパック（グリーン）			
Items	Backpacks/Backpack_Jaeger_Green	name	0	ignore	Items/Backpacks/Backpack_Jaeger/Backpack_Jaeger_Green	tres					inventory		Jääkäri BP.					
Items	Backpacks/Backpack_Jaeger_Green	name	0	ignore	Items/Backpacks/Backpack_Jaeger/Backpack_Jaeger_Green	tres					rotated		Jääkäri BP.					
Items	Backpacks/Backpack_Jaeger_Green	name	0	ignore	Items/Backpacks/Backpack_Jaeger/Backpack_Jaeger_Green	tres					equipment		Jääkäri BP.					
Items	Backpacks/Backpack_Jaeger_Green	name	0	ignore	Items/Backpacks/Backpack_Jaeger/Backpack_Jaeger_Green	tres					display		Jääkäri BP.					
Items	Backpacks/Backpack_Jaeger_Green	type	0	ignore	Items/Backpacks/Backpack_Jaeger/Backpack_Jaeger_Green	tres					type		Backpack					
Items	Backpacks/Backpack_Jaeger_M05	name	0	substr	Items/Backpacks/Backpack_Jaeger/Backpack_Jaeger_M05	tres					name		Jääkäri Backpack (M05)	1370	ヤーカリ・バックパック (M05)			
Items	Backpacks/Backpack_Jaeger_M05	name	0	ignore	Items/Backpacks/Backpack_Jaeger/Backpack_Jaeger_M05	tres					inventory		Jääkäri BP.					
Items	Backpacks/Backpack_Jaeger_M05	name	0	ignore	Items/Backpacks/Backpack_Jaeger/Backpack_Jaeger_M05	tres					rotated		Jääkäri BP.					
Items	Backpacks/Backpack_Jaeger_M05	name	0	ignore	Items/Backpacks/Backpack_Jaeger/Backpack_Jaeger_M05	tres					equipment		Jääkäri BP.					
Items	Backpacks/Backpack_Jaeger_M05	name	0	ignore	Items/Backpacks/Backpack_Jaeger/Backpack_Jaeger_M05	tres					display		Jääkäri BP.					
Items	Backpacks/Backpack_Jaeger_M05	type	0	ignore	Items/Backpacks/Backpack_Jaeger/Backpack_Jaeger_M05	tres					type		Backpack					
Items	Backpacks/Backpack_Nomad	name	0	substr	Items/Backpacks/Backpack_Nomad/Backpack_Nomad	tres					name		Nomad Backpack	1372	ノマド・バックパック			
Items	Backpacks/Backpack_Nomad	name	0	substr	Items/Backpacks/Backpack_Nomad/Backpack_Nomad	tres					inventory		Nomad BP.	1374	ノマドBP.			
Items	Backpacks/Backpack_Nomad	name	0	ignore	Items/Backpacks/Backpack_Nomad/Backpack_Nomad	tres					rotated		Nomad BP.					
Items	Backpacks/Backpack_Nomad	name	0	ignore	Items/Backpacks/Backpack_Nomad/Backpack_Nomad	tres					equipment		Nomad BP.					
Items	Backpacks/Backpack_Nomad	name	0	ignore	Items/Backpacks/Backpack_Nomad/Backpack_Nomad	tres					display		Nomad BP.					
Items	Backpacks/Backpack_Nomad	type	0	ignore	Items/Backpacks/Backpack_Nomad/Backpack_Nomad	tres					type		Backpack					
Items	Backpacks/Backpack_Patrol	name	0	substr	Items/Backpacks/Backpack_Patrol/Backpack_Patrol	tres					name		Patrol Backpack	1376	パトロールバックパック			
Items	Backpacks/Backpack_Patrol	name	0	substr	Items/Backpacks/Backpack_Patrol/Backpack_Patrol	tres					inventory		Patrol BP.	1378	パトロールBP.			
Items	Backpacks/Backpack_Patrol	name	0	ignore	Items/Backpacks/Backpack_Patrol/Backpack_Patrol	tres					rotated		Patrol BP.					
Items	Backpacks/Backpack_Patrol	name	0	ignore	Items/Backpacks/Backpack_Patrol/Backpack_Patrol	tres					equipment		Patrol BP.					
Items	Backpacks/Backpack_Patrol	name	0	ignore	Items/Backpacks/Backpack_Patrol/Backpack_Patrol	tres					display		Patrol BP.					
Items	Backpacks/Backpack_Patrol	type	0	ignore	Items/Backpacks/Backpack_Patrol/Backpack_Patrol	tres					type		Backpack					
Items	Backpacks/Duffel_Retro	name	0	substr	Items/Backpacks/Duffel_Retro/Duffel_Retro	tres					name		Duffel (Retro)	1380	ダッフルバッグ（レトロ）			
Items	Backpacks/Duffel_Retro	name	0	substr	Items/Backpacks/Duffel_Retro/Duffel_Retro	tres					inventory		R. Duffel	1382	R. ダッフェル			
Items	Backpacks/Duffel_Retro	name	0	ignore	Items/Backpacks/Duffel_Retro/Duffel_Retro	tres					rotated		R. Duffel					
Items	Backpacks/Duffel_Retro	name	0	ignore	Items/Backpacks/Duffel_Retro/Duffel_Retro	tres					equipment		R. Duffel					
Items	Backpacks/Duffel_Retro	name	0	ignore	Items/Backpacks/Duffel_Retro/Duffel_Retro	tres					display		R. Duffel					
Items	Backpacks/Duffel_Retro	type	0	ignore	Items/Backpacks/Duffel_Retro/Duffel_Retro	tres					type		Backpack					
Items	Belts	type	0	substr									Belt Pouch	1384	ベルトポーチ			
Items	Belts/Kukkaro_Black	name	0	substr	Items/Belts/Kukkaro/Kukkaro_Black	tres					name		Kukkaro (Black)	1386	クッカロ（ブラック）			
Items	Belts/Kukkaro_Black	name	0	substr	Items/Belts/Kukkaro/Kukkaro_Black	tres					inventory		Kukkaro	1388	クッカロ			
Items	Belts/Kukkaro_Black	name	0	ignore	Items/Belts/Kukkaro/Kukkaro_Black	tres					rotated		Kukkaro					
Items	Belts/Kukkaro_Black	name	0	ignore	Items/Belts/Kukkaro/Kukkaro_Black	tres					equipment		Kukkaro					
Items	Belts/Kukkaro_Black	name	0	ignore	Items/Belts/Kukkaro/Kukkaro_Black	tres					display		Kukkaro					
Items	Belts/Kukkaro_Black	type	0	ignore	Items/Belts/Kukkaro/Kukkaro_Black	tres					type		Belt Pouch					
Items	Belts/Kukkaro_Brown	name	0	substr	Items/Belts/Kukkaro/Kukkaro_Brown	tres					name		Kukkaro (Brown)	1390	クッカロ（ブラウン）			
Items	Belts/Kukkaro_Brown	name	0	ignore	Items/Belts/Kukkaro/Kukkaro_Brown	tres					inventory		Kukkaro					
Items	Belts/Kukkaro_Brown	name	0	ignore	Items/Belts/Kukkaro/Kukkaro_Brown	tres					rotated		Kukkaro					
Items	Belts/Kukkaro_Brown	name	0	ignore	Items/Belts/Kukkaro/Kukkaro_Brown	tres					equipment		Kukkaro					
Items	Belts/Kukkaro_Brown	name	0	ignore	Items/Belts/Kukkaro/Kukkaro_Brown	tres					display		Kukkaro					
Items	Belts/Kukkaro_Brown	type	0	ignore	Items/Belts/Kukkaro/Kukkaro_Brown	tres					type		Belt Pouch					
Items	Belts/Kukkaro_Green	name	0	substr	Items/Belts/Kukkaro/Kukkaro_Green	tres					name		Kukkaro (Green)	1392	クッカロ（グリーン）			
Items	Belts/Kukkaro_Green	name	0	ignore	Items/Belts/Kukkaro/Kukkaro_Green	tres					inventory		Kukkaro					
Items	Belts/Kukkaro_Green	name	0	ignore	Items/Belts/Kukkaro/Kukkaro_Green	tres					rotated		Kukkaro					
Items	Belts/Kukkaro_Green	name	0	ignore	Items/Belts/Kukkaro/Kukkaro_Green	tres					equipment		Kukkaro					
Items	Belts/Kukkaro_Green	name	0	ignore	Items/Belts/Kukkaro/Kukkaro_Green	tres					display		Kukkaro					
Items	Belts/Kukkaro_Green	type	0	ignore	Items/Belts/Kukkaro/Kukkaro_Green	tres					type		Belt Pouch					
Items	Belts/Kukkaro_M05	name	0	substr	Items/Belts/Kukkaro/Kukkaro_M05	tres					name		Kukkaro (M05)	1394	クッカロ (M05)			
Items	Belts/Kukkaro_M05	name	0	ignore	Items/Belts/Kukkaro/Kukkaro_M05	tres					inventory		Kukkaro					
Items	Belts/Kukkaro_M05	name	0	ignore	Items/Belts/Kukkaro/Kukkaro_M05	tres					rotated		Kukkaro					
Items	Belts/Kukkaro_M05	name	0	ignore	Items/Belts/Kukkaro/Kukkaro_M05	tres					equipment		Kukkaro					
Items	Belts/Kukkaro_M05	name	0	ignore	Items/Belts/Kukkaro/Kukkaro_M05	tres					display		Kukkaro					
Items	Belts/Kukkaro_M05	type	0	ignore	Items/Belts/Kukkaro/Kukkaro_M05	tres					type		Belt Pouch					
Items	Book	type	0	substr									Literature	1396	文献			
Items	Book/Book_Children	name	0	substr	Items/Books/Book_Children	tres					name		Book (Children)	1398	本（子供向け）			
Items	Book/Book_Children	name	0	substr	Items/Books/Book_Children	tres					inventory		Children	1400	子供向け	It is currently substr, but it may need to be promoted to Scope. (e.g., Cook Book or Cooking)		
Items	Book/Book_Children	name	0	ignore	Items/Books/Book_Children	tres					rotated		Children			It is currently substr, but it may need to be promoted to Scope. (e.g., Cook Book or Cooking)		
Items	Book/Book_Children	name	0	ignore	Items/Books/Book_Children	tres					equipment		Children			It is currently substr, but it may need to be promoted to Scope. (e.g., Cook Book or Cooking)		
Items	Book/Book_Children	name	0	ignore	Items/Books/Book_Children	tres					display		Children			It is currently substr, but it may need to be promoted to Scope. (e.g., Cook Book or Cooking)		
Items	Book/Book_Children	type	0	ignore	Items/Books/Book_Children	tres					type		Literature					
Items	Book/Book_Cooking	name	0	substr	Items/Books/Book_Cooking	tres					name		Book (Cooking)	1402	本（料理）			
Items	Book/Book_Cooking	name	0	substr	Items/Books/Book_Cooking	tres					inventory		Cooking	1404	料理	It is currently substr, but it may need to be promoted to Scope. (e.g., Cook Book or Cooking)		
Items	Book/Book_Cooking	name	0	ignore	Items/Books/Book_Cooking	tres					rotated		Cooking			It is currently substr, but it may need to be promoted to Scope. (e.g., Cook Book or Cooking)		
Items	Book/Book_Cooking	name	0	ignore	Items/Books/Book_Cooking	tres					equipment		Cooking			It is currently substr, but it may need to be promoted to Scope. (e.g., Cook Book or Cooking)		
Items	Book/Book_Cooking	name	0	ignore	Items/Books/Book_Cooking	tres					display		Cooking			It is currently substr, but it may need to be promoted to Scope. (e.g., Cook Book or Cooking)		
Items	Book/Book_Cooking	type	0	ignore	Items/Books/Book_Cooking	tres					type		Literature					
Items	Book/Book_Fishing	name	0	substr	Items/Books/Book_Fishing	tres					name		Book (Fishing)	1406	本（釣り）			
Items	Book/Book_Fishing	name	0	ignore	Items/Books/Book_Fishing	tres					inventory		Fishing			It is currently substr, but it may need to be promoted to Scope. (e.g., Cook Book or Cooking)		
Items	Book/Book_Fishing	name	0	ignore	Items/Books/Book_Fishing	tres					rotated		Fishing			It is currently substr, but it may need to be promoted to Scope. (e.g., Cook Book or Cooking)		
Items	Book/Book_Fishing	name	0	ignore	Items/Books/Book_Fishing	tres					equipment		Fishing			It is currently substr, but it may need to be promoted to Scope. (e.g., Cook Book or Cooking)		
Items	Book/Book_Fishing	name	0	ignore	Items/Books/Book_Fishing	tres					display		Fishing			It is currently substr, but it may need to be promoted to Scope. (e.g., Cook Book or Cooking)		
Items	Book/Book_Fishing	type	0	ignore	Items/Books/Book_Fishing	tres					type		Literature					
Items	Book/Book_Religion	name	0	substr	Items/Books/Book_Religion	tres					name		Book (Religion)	1408	書籍（宗教）			
Items	Book/Book_Religion	name	0	substr	Items/Books/Book_Religion	tres					inventory		Religion	1410	宗教	It is currently substr, but it may need to be promoted to Scope. (e.g., Cook Book or Cooking)		
Items	Book/Book_Religion	name	0	ignore	Items/Books/Book_Religion	tres					rotated		Religion			It is currently substr, but it may need to be promoted to Scope. (e.g., Cook Book or Cooking)		
Items	Book/Book_Religion	name	0	ignore	Items/Books/Book_Religion	tres					equipment		Religion			It is currently substr, but it may need to be promoted to Scope. (e.g., Cook Book or Cooking)		
Items	Book/Book_Religion	name	0	ignore	Items/Books/Book_Religion	tres					display		Religion			It is currently substr, but it may need to be promoted to Scope. (e.g., Cook Book or Cooking)		
Items	Book/Book_Religion	type	0	ignore	Items/Books/Book_Religion	tres					type		Literature					
Items	Clothing	type	0	substr									Clothing	1412	衣類			
Items	Clothing/Beanie_Flame	name	0	substr	Items/Clothing/Beanie_Flame/Beanie_Flame	tres					name		Flame Beanie	1414	フレイム・ビーニー			
Items	Clothing/Beanie_Flame	name	0	ignore	Items/Clothing/Beanie_Flame/Beanie_Flame	tres					inventory		Flame Beanie					
Items	Clothing/Beanie_Flame	name	0	ignore	Items/Clothing/Beanie_Flame/Beanie_Flame	tres					rotated		Flame Beanie					
Items	Clothing/Beanie_Flame	name	0	substr	Items/Clothing/Beanie_Flame/Beanie_Flame	tres					equipment		F. Beanie	1416	F. ビーニー			
Items	Clothing/Beanie_Flame	name	0	ignore	Items/Clothing/Beanie_Flame/Beanie_Flame	tres					display		F. Beanie					
Items	Clothing/Beanie_Flame	type	0	ignore	Items/Clothing/Beanie_Flame/Beanie_Flame	tres					type		Clothing					
Items	Clothing/Boots_Combat	name	0	substr	Items/Clothing/Boots_Combat/Boots_Combat	tres					name		Combat Boots	1418	コンバットブーツ			
Items	Clothing/Boots_Combat	name	0	ignore	Items/Clothing/Boots_Combat/Boots_Combat	tres					inventory		Combat Boots					
Items	Clothing/Boots_Combat	name	0	ignore	Items/Clothing/Boots_Combat/Boots_Combat	tres					rotated		Combat Boots					
Items	Clothing/Boots_Combat	name	0	substr	Items/Clothing/Boots_Combat/Boots_Combat	tres					equipment		C. Boots	1420	C. ブーツ			
Items	Clothing/Boots_Combat	type	0	ignore	Items/Clothing/Boots_Combat/Boots_Combat	tres					type		Clothing					
Items	Clothing/Cap_M62	name	0	substr	Items/Clothing/Cap_M62/Cap_M62	tres					name		M62 Cap	1422	M62キャップ			
Items	Clothing/Cap_M62	name	0	ignore	Items/Clothing/Cap_M62/Cap_M62	tres					inventory		M62 Cap					
Items	Clothing/Cap_M62	name	0	ignore	Items/Clothing/Cap_M62/Cap_M62	tres					rotated		M62 Cap					
Items	Clothing/Cap_M62	name	0	ignore	Items/Clothing/Cap_M62/Cap_M62	tres					equipment		M62 Cap					
Items	Clothing/Cap_M62	name	0	ignore	Items/Clothing/Cap_M62/Cap_M62	tres					display		M62 Cap					
Items	Clothing/Cap_M62	type	0	ignore	Items/Clothing/Cap_M62/Cap_M62	tres					type		Clothing					
Items	Clothing/Fleece_Tactical_Brown	name	0	substr	Items/Clothing/Fleece_Tactical_Brown/Fleece_Tactical_Brown	tres					name		Tactical Fleece (Brown)	1424	タクティカルフリース（ブラウン）			
Items	Clothing/Fleece_Tactical_Brown	name	0	substr	Items/Clothing/Fleece_Tactical_Brown/Fleece_Tactical_Brown	tres					inventory		T. Fleece	1426	T. フリース			
Items	Clothing/Fleece_Tactical_Brown	name	0	ignore	Items/Clothing/Fleece_Tactical_Brown/Fleece_Tactical_Brown	tres					rotated		T. Fleece					
Items	Clothing/Fleece_Tactical_Brown	name	0	ignore	Items/Clothing/Fleece_Tactical_Brown/Fleece_Tactical_Brown	tres					equipment		T. Fleece					
Items	Clothing/Fleece_Tactical_Brown	name	0	ignore	Items/Clothing/Fleece_Tactical_Brown/Fleece_Tactical_Brown	tres					display		T. Fleece					
Items	Clothing/Fleece_Tactical_Brown	type	0	ignore	Items/Clothing/Fleece_Tactical_Brown/Fleece_Tactical_Brown	tres					type		Clothing					
Items	Clothing/Fleece_Tactical_Green	name	0	substr	Items/Clothing/Fleece_Tactical_Green/Fleece_Tactical_Green	tres					name		Tactical Fleece (Green)	1428	タクティカルフリース（グリーン）			
Items	Clothing/Fleece_Tactical_Green	name	0	ignore	Items/Clothing/Fleece_Tactical_Green/Fleece_Tactical_Green	tres					inventory		T. Fleece					
Items	Clothing/Fleece_Tactical_Green	name	0	ignore	Items/Clothing/Fleece_Tactical_Green/Fleece_Tactical_Green	tres					rotated		T. Fleece					
Items	Clothing/Fleece_Tactical_Green	name	0	ignore	Items/Clothing/Fleece_Tactical_Green/Fleece_Tactical_Green	tres					equipment		T. Fleece					
Items	Clothing/Fleece_Tactical_Green	name	0	ignore	Items/Clothing/Fleece_Tactical_Green/Fleece_Tactical_Green	tres					display		T. Fleece					
Items	Clothing/Fleece_Tactical_Green	type	0	ignore	Items/Clothing/Fleece_Tactical_Green/Fleece_Tactical_Green	tres					type		Clothing					
Items	Clothing/Gloves_Leather	name	0	substr	Items/Clothing/Gloves_Leather/Gloves_Leather	tres					name		Leather Gloves	1430	革手袋			
Items	Clothing/Gloves_Leather	name	0	substr	Items/Clothing/Gloves_Leather/Gloves_Leather	tres					inventory		L. Gloves	1432	L. 手袋			
Items	Clothing/Gloves_Leather	name	0	ignore	Items/Clothing/Gloves_Leather/Gloves_Leather	tres					rotated		L. Gloves					
Items	Clothing/Gloves_Leather	name	0	ignore	Items/Clothing/Gloves_Leather/Gloves_Leather	tres					equipment		L. Gloves					
Items	Clothing/Gloves_Leather	name	0	ignore	Items/Clothing/Gloves_Leather/Gloves_Leather	tres					display		L. Gloves					
Items	Clothing/Gloves_Leather	type	0	ignore	Items/Clothing/Gloves_Leather/Gloves_Leather	tres					type		Clothing					
Items	Clothing/Gloves_Work	name	0	substr	Items/Clothing/Gloves_Work/Gloves_Work	tres					name		Work Gloves	1434	作業用手袋			
Items	Clothing/Gloves_Work	name	0	substr	Items/Clothing/Gloves_Work/Gloves_Work	tres					inventory		W. Gloves	1436	W. グローブ			
Items	Clothing/Gloves_Work	name	0	ignore	Items/Clothing/Gloves_Work/Gloves_Work	tres					rotated		W. Gloves					
Items	Clothing/Gloves_Work	name	0	ignore	Items/Clothing/Gloves_Work/Gloves_Work	tres					equipment		W. Gloves					
Items	Clothing/Gloves_Work	name	0	ignore	Items/Clothing/Gloves_Work/Gloves_Work	tres					display		W. Gloves					
Items	Clothing/Gloves_Work	type	0	ignore	Items/Clothing/Gloves_Work/Gloves_Work	tres					type		Clothing					
Items	Clothing/Hat_Mosquito	name	0	substr	Items/Clothing/Hat_Mosquito/Hat_Mosquito	tres					name		Mosquito Hat	1438	蚊よけ帽子			
Items	Clothing/Hat_Mosquito	name	0	ignore	Items/Clothing/Hat_Mosquito/Hat_Mosquito	tres					inventory		Mosquito Hat					
Items	Clothing/Hat_Mosquito	name	0	ignore	Items/Clothing/Hat_Mosquito/Hat_Mosquito	tres					rotated		Mosquito Hat					
Items	Clothing/Hat_Mosquito	name	0	substr	Items/Clothing/Hat_Mosquito/Hat_Mosquito	tres					equipment		M. Hat	1440	M. ハット			
Items	Clothing/Hat_Mosquito	name	0	ignore	Items/Clothing/Hat_Mosquito/Hat_Mosquito	tres					display		M. Hat					
Items	Clothing/Hat_Mosquito	type	0	ignore	Items/Clothing/Hat_Mosquito/Hat_Mosquito	tres					type		Clothing					
Items	Clothing/Hat_Sauna	name	0	substr	Items/Clothing/Hat_Sauna/Hat_Sauna	tres					name		Sauna Hat	1442	サウナ用帽子			
Items	Clothing/Hat_Sauna	name	0	ignore	Items/Clothing/Hat_Sauna/Hat_Sauna	tres					inventory		Sauna Hat					
Items	Clothing/Hat_Sauna	name	0	ignore	Items/Clothing/Hat_Sauna/Hat_Sauna	tres					rotated		Sauna Hat					
Items	Clothing/Hat_Sauna	name	0	substr	Items/Clothing/Hat_Sauna/Hat_Sauna	tres					equipment		S. Hat	1444	S. ハット			
Items	Clothing/Hat_Sauna	name	0	ignore	Items/Clothing/Hat_Sauna/Hat_Sauna	tres					display		S. Hat					
Items	Clothing/Hat_Sauna	type	0	ignore	Items/Clothing/Hat_Sauna/Hat_Sauna	tres					type		Clothing					
Items	Clothing/Hoodie_Border_Zone	name	0	substr	Items/Clothing/Hoodie_Border_Zone/Hoodie_Border_Zone	tres					name		Hoodie (Border Zone)	1446	フーディー（ボーダーゾーン）			
Items	Clothing/Hoodie_Border_Zone	name	0	substr	Items/Clothing/Hoodie_Border_Zone/Hoodie_Border_Zone	tres					inventory		Hoodie BZ.	1448	フーディー BZ。			
Items	Clothing/Hoodie_Border_Zone	name	0	ignore	Items/Clothing/Hoodie_Border_Zone/Hoodie_Border_Zone	tres					rotated		Hoodie BZ.					
Items	Clothing/Hoodie_Border_Zone	name	0	substr	Items/Clothing/Hoodie_Border_Zone/Hoodie_Border_Zone	tres					equipment		Hoodie B.	1450	フーディー・B			
Items	Clothing/Hoodie_Border_Zone	name	0	ignore	Items/Clothing/Hoodie_Border_Zone/Hoodie_Border_Zone	tres					display		Hoodie B.					
Items	Clothing/Hoodie_Border_Zone	type	0	ignore	Items/Clothing/Hoodie_Border_Zone/Hoodie_Border_Zone	tres					type		Clothing					
Items	Clothing/Hoodie_Gray	name	0	substr	Items/Clothing/Hoodie_Gray/Hoodie_Gray	tres					name		Hoodie (Gray)	1452	フーディ（グレー）			
Items	Clothing/Hoodie_Gray	name	0	substr	Items/Clothing/Hoodie_Gray/Hoodie_Gray	tres					inventory		Hoodie	1454	フーディ			
Items	Clothing/Hoodie_Gray	name	0	ignore	Items/Clothing/Hoodie_Gray/Hoodie_Gray	tres					rotated		Hoodie					
Items	Clothing/Hoodie_Gray	name	0	ignore	Items/Clothing/Hoodie_Gray/Hoodie_Gray	tres					equipment		Hoodie					
Items	Clothing/Hoodie_Gray	name	0	ignore	Items/Clothing/Hoodie_Gray/Hoodie_Gray	tres					display		Hoodie					
Items	Clothing/Hoodie_Gray	type	0	ignore	Items/Clothing/Hoodie_Gray/Hoodie_Gray	tres					type		Clothing					
Items	Clothing/Jacket_M62	name	0	substr	Items/Clothing/Jacket_M62/Jacket_M62	tres					name		M62 Jacket	1456	M62ジャケット			
Items	Clothing/Jacket_M62	name	0	ignore	Items/Clothing/Jacket_M62/Jacket_M62	tres					inventory		M62 Jacket					
Items	Clothing/Jacket_M62	name	0	ignore	Items/Clothing/Jacket_M62/Jacket_M62	tres					rotated		M62 Jacket					
Items	Clothing/Jacket_M62	name	0	substr	Items/Clothing/Jacket_M62/Jacket_M62	tres					equipment		M62 J.	1458	M62 J.			
Items	Clothing/Jacket_M62	name	0	ignore	Items/Clothing/Jacket_M62/Jacket_M62	tres					display		M62 J.					
Items	Clothing/Jacket_M62	type	0	ignore	Items/Clothing/Jacket_M62/Jacket_M62	tres					type		Clothing					
Items	Clothing/Jacket_Santa	name	0	substr	Items/Clothing/Jacket_Santa/Jacket_Santa	tres					name		Santa Jacket	1460	サンタのジャケット			
Items	Clothing/Jacket_Santa	name	0	ignore	Items/Clothing/Jacket_Santa/Jacket_Santa	tres					inventory		Santa Jacket					
Items	Clothing/Jacket_Santa	name	0	ignore	Items/Clothing/Jacket_Santa/Jacket_Santa	tres					rotated		Santa Jacket					
Items	Clothing/Jacket_Santa	name	0	substr	Items/Clothing/Jacket_Santa/Jacket_Santa	tres					equipment		Santa J.	1462	サンタ・J			
Items	Clothing/Jacket_Santa	name	0	ignore	Items/Clothing/Jacket_Santa/Jacket_Santa	tres					display		Santa J.					
Items	Clothing/Jacket_Santa	type	0	ignore	Items/Clothing/Jacket_Santa/Jacket_Santa	tres					type		Clothing					
Items	Clothing/Jacket_Winter_Blue	name	0	substr	Items/Clothing/Jacket_Winter_Blue/Jacket_Winter_Blue	tres					name		Winter Jacket (Blue)	1464	冬用ジャケット（ブルー）			
Items	Clothing/Jacket_Winter_Blue	name	0	substr	Items/Clothing/Jacket_Winter_Blue/Jacket_Winter_Blue	tres					inventory		Winter Jacket	1466	冬用ジャケット			
Items	Clothing/Jacket_Winter_Blue	name	0	ignore	Items/Clothing/Jacket_Winter_Blue/Jacket_Winter_Blue	tres					rotated		Winter Jacket					
Items	Clothing/Jacket_Winter_Blue	name	0	ignore	Items/Clothing/Jacket_Winter_Blue/Jacket_Winter_Blue	tres					equipment		Winter J.					
Items	Clothing/Jacket_Winter_Blue	name	0	ignore	Items/Clothing/Jacket_Winter_Blue/Jacket_Winter_Blue	tres					display		Winter J.					
Items	Clothing/Jacket_Winter_Blue	type	0	ignore	Items/Clothing/Jacket_Winter_Blue/Jacket_Winter_Blue	tres					type		Clothing					
Items	Clothing/Jacket_Winter_Red	name	0	substr	Items/Clothing/Jacket_Winter_Red/Jacket_Winter_Red	tres					name		Winter Jacket (Red)	1468	ウィンタージャケット（赤）			
Items	Clothing/Jacket_Winter_Red	name	0	ignore	Items/Clothing/Jacket_Winter_Red/Jacket_Winter_Red	tres					inventory		Winter Jacket					
Items	Clothing/Jacket_Winter_Red	name	0	ignore	Items/Clothing/Jacket_Winter_Red/Jacket_Winter_Red	tres					rotated		Winter Jacket					
Items	Clothing/Jacket_Winter_Red	name	0	substr	Items/Clothing/Jacket_Winter_Red/Jacket_Winter_Red	tres					equipment		Winter J.	1470	ウィンター・J.			
Items	Clothing/Jacket_Winter_Red	name	0	ignore	Items/Clothing/Jacket_Winter_Red/Jacket_Winter_Red	tres					display		Winter J.					
Items	Clothing/Jacket_Winter_Red	type	0	ignore	Items/Clothing/Jacket_Winter_Red/Jacket_Winter_Red	tres					type		Clothing					
Items	Clothing/Jeans_Black	name	0	substr	Items/Clothing/Jeans_Black/Jeans_Black	tres					name		Jeans (Black)	1472	ジーンズ（ブラック）			
Items	Clothing/Jeans_Black	name	0	substr	Items/Clothing/Jeans_Black/Jeans_Black	tres					inventory		Jeans	1474	ジーンズ			
Items	Clothing/Jeans_Black	name	0	ignore	Items/Clothing/Jeans_Black/Jeans_Black	tres					rotated		Jeans					
Items	Clothing/Jeans_Black	name	0	ignore	Items/Clothing/Jeans_Black/Jeans_Black	tres					equipment		Jeans					
Items	Clothing/Jeans_Black	name	0	ignore	Items/Clothing/Jeans_Black/Jeans_Black	tres					display		Jeans					
Items	Clothing/Jeans_Black	type	0	ignore	Items/Clothing/Jeans_Black/Jeans_Black	tres					type		Clothing					
Items	Clothing/Pants_Hiking	name	0	substr	Items/Clothing/Pants_Hiking/Pants_Hiking	tres					name		Hiking Pants	1476	ハイキングパンツ			
Items	Clothing/Pants_Hiking	name	0	substr	Items/Clothing/Pants_Hiking/Pants_Hiking	tres					inventory		Hiking P.	1478	ハイキング P.			
Items	Clothing/Pants_Hiking	name	0	ignore	Items/Clothing/Pants_Hiking/Pants_Hiking	tres					rotated		Hiking P.					
Items	Clothing/Pants_Hiking	name	0	ignore	Items/Clothing/Pants_Hiking/Pants_Hiking	tres					equipment		Hiking P.					
Items	Clothing/Pants_Hiking	name	0	ignore	Items/Clothing/Pants_Hiking/Pants_Hiking	tres					display		Hiking P.					
Items	Clothing/Pants_Hiking	type	0	ignore	Items/Clothing/Pants_Hiking/Pants_Hiking	tres					type		Clothing					
Items	Clothing/Windbreaker_Black	name	0	substr	Items/Clothing/Windbreaker_Black/Windbreaker_Black	tres					name		Windbreaker (Black)	1480	ウィンドブレーカー（ブラック）			
Items	Clothing/Windbreaker_Black	name	0	substr	Items/Clothing/Windbreaker_Black/Windbreaker_Black	tres					inventory		Windbreaker	1482	ウインドブレーカー			
Items	Clothing/Windbreaker_Black	name	0	ignore	Items/Clothing/Windbreaker_Black/Windbreaker_Black	tres					rotated		Windbreaker					
Items	Clothing/Windbreaker_Black	name	0	substr	Items/Clothing/Windbreaker_Black/Windbreaker_Black	tres					equipment		Windbr.	1484	ウィンドブレ			
Items	Clothing/Windbreaker_Black	name	0	ignore	Items/Clothing/Windbreaker_Black/Windbreaker_Black	tres					display		Windbr.					
Items	Clothing/Windbreaker_Black	type	0	ignore	Items/Clothing/Windbreaker_Black/Windbreaker_Black	tres					type		Clothing					
Items	Clothing/Windbreaker_Green	name	0	substr	Items/Clothing/Windbreaker_Green/Windbreaker_Green	tres					name		Windbreaker (Green)	1486	ウィンドブレーカー（グリーン）			
Items	Clothing/Windbreaker_Green	name	0	ignore	Items/Clothing/Windbreaker_Green/Windbreaker_Green	tres					inventory		Windbreaker					
Items	Clothing/Windbreaker_Green	name	0	ignore	Items/Clothing/Windbreaker_Green/Windbreaker_Green	tres					rotated		Windbreaker					
Items	Clothing/Windbreaker_Green	name	0	ignore	Items/Clothing/Windbreaker_Green/Windbreaker_Green	tres					equipment		Windbr.					
Items	Clothing/Windbreaker_Green	name	0	ignore	Items/Clothing/Windbreaker_Green/Windbreaker_Green	tres					display		Windbr.					
Items	Clothing/Windbreaker_Green	type	0	ignore	Items/Clothing/Windbreaker_Green/Windbreaker_Green	tres					type		Clothing					
Items	Consumables	type	0	substr									Consumables	1488	消耗品			
Items	Consumables	type	0	substr									Consumable	1490	消耗品			
Items	Consumables	action	0	substr									Drink	1492	飲み物			
Items	Consumables	action	0	substr									Eat	1494	食べる			
Items	Consumables	action	0	substr									Eat Raw	1496	生で食べる			
Items	Consumables	action	0	substr									Eat (Raw)	1498	食べる（生）			
Items	Consumables	action	0	substr									Chew	1500	チュー			
Items	Consumables	action	0	substr									Smoke	1502	煙			
Items	Consumables	action	0	substr									Use	1504	使用方法			
Items	Consumables/Beer	name	0	substr	Items/Consumables/Beer/Beer	tres					name		Beer	1506	ビール			
Items	Consumables/Beer	name	0	ignore	Items/Consumables/Beer/Beer	tres					inventory		Beer					
Items	Consumables/Beer	name	0	ignore	Items/Consumables/Beer/Beer	tres					rotated		Beer					
Items	Consumables/Beer	name	0	ignore	Items/Consumables/Beer/Beer	tres					equipment		Beer					
Items	Consumables/Beer	name	0	ignore	Items/Consumables/Beer/Beer	tres					display		Beer					
Items	Consumables/Beer	action	0	ignore	Items/Consumables/Beer/Beer	tres					phrase		Drink					
Items	Consumables/Beer	type	0	ignore	Items/Consumables/Beer/Beer	tres					type		Consumables					
Items	Consumables/Can_Empty	name	0	substr	Items/Consumables/Can_Empty/Can_Empty	tres					name		Empty Can	1508	空の缶			
Items	Consumables/Can_Empty	name	0	substr	Items/Consumables/Can_Empty/Can_Empty	tres					inventory		Can	1510	できる			
Items	Consumables/Can_Empty	name	0	ignore	Items/Consumables/Can_Empty/Can_Empty	tres					rotated		Can					
Items	Consumables/Can_Empty	name	0	ignore	Items/Consumables/Can_Empty/Can_Empty	tres					equipment		Can					
Items	Consumables/Can_Empty	name	0	ignore	Items/Consumables/Can_Empty/Can_Empty	tres					display		Can					
Items	Consumables/Can_Empty	action	0	ignore	Items/Consumables/Can_Empty/Can_Empty	tres					type		Consumables					
Items	Consumables/Canned_Meat	name	0	substr	Items/Consumables/Canned_Meat/Canned_Meat	tres					name		Canned Meat	1512	缶詰の肉			
Items	Consumables/Canned_Meat	name	0	substr	Items/Consumables/Canned_Meat/Canned_Meat	tres					inventory		Meat	1514	肉			
Items	Consumables/Canned_Meat	name	0	ignore	Items/Consumables/Canned_Meat/Canned_Meat	tres					rotated		Meat					
Items	Consumables/Canned_Meat	name	0	ignore	Items/Consumables/Canned_Meat/Canned_Meat	tres					equipment		Meat					
Items	Consumables/Canned_Meat	name	0	ignore	Items/Consumables/Canned_Meat/Canned_Meat	tres					display		Meat					
Items	Consumables/Canned_Meat	action	0	ignore	Items/Consumables/Canned_Meat/Canned_Meat	tres					phrase		Eat					
Items	Consumables/Canned_Meat	type	0	ignore	Items/Consumables/Canned_Meat/Canned_Meat	tres					type		Consumables					
Items	Consumables/Canned_Meatballs	name	0	substr	Items/Consumables/Canned_Meatballs/Canned_Meatballs	tres					name		Canned Meatballs	1516	ミートボールの缶詰			
Items	Consumables/Canned_Meatballs	name	0	substr	Items/Consumables/Canned_Meatballs/Canned_Meatballs	tres					inventory		Meatballs	1518	ミートボール			
Items	Consumables/Canned_Meatballs	name	0	ignore	Items/Consumables/Canned_Meatballs/Canned_Meatballs	tres					rotated		Meatballs					
Items	Consumables/Canned_Meatballs	name	0	ignore	Items/Consumables/Canned_Meatballs/Canned_Meatballs	tres					equipment		Meatballs					
Items	Consumables/Canned_Meatballs	name	0	ignore	Items/Consumables/Canned_Meatballs/Canned_Meatballs	tres					display		Meatballs					
Items	Consumables/Canned_Meatballs	action	0	ignore	Items/Consumables/Canned_Meatballs/Canned_Meatballs	tres					phrase		Eat					
Items	Consumables/Canned_Meatballs	type	0	ignore	Items/Consumables/Canned_Meatballs/Canned_Meatballs	tres					type		Consumables					
Items	Consumables/Canned_Pea_Soup	name	0	substr	Items/Consumables/Canned_Pea_Soup/Canned_Pea_Soup	tres					name		Canned Pea Soup	1520	缶詰のエンドウ豆のスープ			
Items	Consumables/Canned_Pea_Soup	name	0	ignore	Items/Consumables/Canned_Pea_Soup/Canned_Pea_Soup	tres					inventory		Pea Soup					
Items	Consumables/Canned_Pea_Soup	name	0	ignore	Items/Consumables/Canned_Pea_Soup/Canned_Pea_Soup	tres					rotated		Pea Soup					
Items	Consumables/Canned_Pea_Soup	name	0	ignore	Items/Consumables/Canned_Pea_Soup/Canned_Pea_Soup	tres					equipment		Pea Soup					
Items	Consumables/Canned_Pea_Soup	name	0	substr	Items/Consumables/Canned_Pea_Soup/Canned_Pea_Soup	tres					display		Pea Soup	1522	エンドウ豆のスープ			
Items	Consumables/Canned_Pea_Soup	action	0	ignore	Items/Consumables/Canned_Pea_Soup/Canned_Pea_Soup	tres					phrase		Eat					
Items	Consumables/Canned_Pea_Soup	type	0	ignore	Items/Consumables/Canned_Pea_Soup/Canned_Pea_Soup	tres					type		Consumables					
Items	Consumables/Canned_Peaches	name	0	substr	Items/Consumables/Canned_Peaches/Canned_Peaches	tres					name		Canned Peaches	1524	缶詰の桃			
Items	Consumables/Canned_Peaches	name	0	substr	Items/Consumables/Canned_Peaches/Canned_Peaches	tres					inventory		Peaches	1526	ピーチ			
Items	Consumables/Canned_Peaches	name	0	ignore	Items/Consumables/Canned_Peaches/Canned_Peaches	tres					rotated		Peaches					
Items	Consumables/Canned_Peaches	name	0	ignore	Items/Consumables/Canned_Peaches/Canned_Peaches	tres					equipment		Peaches					
Items	Consumables/Canned_Peaches	name	0	ignore	Items/Consumables/Canned_Peaches/Canned_Peaches	tres					display		Peaches					
Items	Consumables/Canned_Peaches	action	0	ignore	Items/Consumables/Canned_Peaches/Canned_Peaches	tres					phrase		Eat					
Items	Consumables/Canned_Peaches	type	0	ignore	Items/Consumables/Canned_Peaches/Canned_Peaches	tres					type		Consumables					
Items	Consumables/Canned_Pear	name	0	substr	Items/Consumables/Canned_Pear/Canned_Pear	tres					name		Canned Pear	1528	洋ナシの缶詰			
Items	Consumables/Canned_Pear	name	0	substr	Items/Consumables/Canned_Pear/Canned_Pear	tres					inventory		Pear	1530	洋梨			
Items	Consumables/Canned_Pear	name	0	ignore	Items/Consumables/Canned_Pear/Canned_Pear	tres					rotated		Pear					
Items	Consumables/Canned_Pear	name	0	ignore	Items/Consumables/Canned_Pear/Canned_Pear	tres					equipment		Pear					
Items	Consumables/Canned_Pear	name	0	ignore	Items/Consumables/Canned_Pear/Canned_Pear	tres					display		Pear					
Items	Consumables/Canned_Pear	action	0	ignore	Items/Consumables/Canned_Pear/Canned_Pear	tres					phrase		Eat					
Items	Consumables/Canned_Pear	type	0	ignore	Items/Consumables/Canned_Pear/Canned_Pear	tres					type		Consumables					
Items	Consumables/Canned_Peas	name	0	substr	Items/Consumables/Canned_Peas/Canned_Peas	tres					name		Canned Peas	1532	グリーンピースの缶詰			
Items	Consumables/Canned_Peas	name	0	substr	Items/Consumables/Canned_Peas/Canned_Peas	tres					inventory		Peas	1534	エンドウ豆			
Items	Consumables/Canned_Peas	name	0	ignore	Items/Consumables/Canned_Peas/Canned_Peas	tres					rotated		Peas					
Items	Consumables/Canned_Peas	name	0	ignore	Items/Consumables/Canned_Peas/Canned_Peas	tres					equipment		Peas					
Items	Consumables/Canned_Peas	name	0	ignore	Items/Consumables/Canned_Peas/Canned_Peas	tres					display		Peas					
Items	Consumables/Canned_Peas	action	0	ignore	Items/Consumables/Canned_Peas/Canned_Peas	tres					phrase		Eat					
Items	Consumables/Canned_Peas	type	0	ignore	Items/Consumables/Canned_Peas/Canned_Peas	tres					type		Consumables					
Items	Consumables/Canned_Pineapple	name	0	substr	Items/Consumables/Canned_Pineapple/Canned_Pineapple	tres					name		Canned Pineapple	1536	パイナップルの缶詰			
Items	Consumables/Canned_Pineapple	name	0	substr	Items/Consumables/Canned_Pineapple/Canned_Pineapple	tres					inventory		Pineapple	1538	パイナップル			
Items	Consumables/Canned_Pineapple	name	0	ignore	Items/Consumables/Canned_Pineapple/Canned_Pineapple	tres					rotated		Pineapple					
Items	Consumables/Canned_Pineapple	name	0	ignore	Items/Consumables/Canned_Pineapple/Canned_Pineapple	tres					equipment		Pineapple					
Items	Consumables/Canned_Pineapple	name	0	ignore	Items/Consumables/Canned_Pineapple/Canned_Pineapple	tres					display		Pineapple					
Items	Consumables/Canned_Pineapple	action	0	ignore	Items/Consumables/Canned_Pineapple/Canned_Pineapple	tres					phrase		Eat					
Items	Consumables/Canned_Pineapple	type	0	ignore	Items/Consumables/Canned_Pineapple/Canned_Pineapple	tres					type		Consumables					
Items	Consumables/Canned_Tomatoes	name	0	substr	Items/Consumables/Canned_Tomatoes/Canned_Tomatoes	tres					name		Canned Tomatoes	1540	トマト缶			
Items	Consumables/Canned_Tomatoes	name	0	substr	Items/Consumables/Canned_Tomatoes/Canned_Tomatoes	tres					inventory		Tomatoes	1542	トマト			
Items	Consumables/Canned_Tomatoes	name	0	ignore	Items/Consumables/Canned_Tomatoes/Canned_Tomatoes	tres					rotated		Tomatoes					
Items	Consumables/Canned_Tomatoes	name	0	ignore	Items/Consumables/Canned_Tomatoes/Canned_Tomatoes	tres					equipment		Tomatoes					
Items	Consumables/Canned_Tomatoes	name	0	ignore	Items/Consumables/Canned_Tomatoes/Canned_Tomatoes	tres					display		Tomatoes					
Items	Consumables/Canned_Tomatoes	action	0	ignore	Items/Consumables/Canned_Tomatoes/Canned_Tomatoes	tres					phrase		Eat					
Items	Consumables/Canned_Tomatoes	type	0	ignore	Items/Consumables/Canned_Tomatoes/Canned_Tomatoes	tres					type		Consumables					
Items	Consumables/Canned_Tuna	name	0	substr	Items/Consumables/Canned_Tuna/Canned_Tuna	tres					name		Canned Tuna	1544	ツナ缶			
Items	Consumables/Canned_Tuna	name	0	substr	Items/Consumables/Canned_Tuna/Canned_Tuna	tres					inventory		Tuna	1546	マグロ			
Items	Consumables/Canned_Tuna	name	0	ignore	Items/Consumables/Canned_Tuna/Canned_Tuna	tres					rotated		Tuna					
Items	Consumables/Canned_Tuna	name	0	ignore	Items/Consumables/Canned_Tuna/Canned_Tuna	tres					equipment		Tuna					
Items	Consumables/Canned_Tuna	name	0	ignore	Items/Consumables/Canned_Tuna/Canned_Tuna	tres					display		Tuna					
Items	Consumables/Canned_Tuna	action	0	ignore	Items/Consumables/Canned_Tuna/Canned_Tuna	tres					phrase		Eat					
Items	Consumables/Canned_Tuna	type	0	ignore	Items/Consumables/Canned_Tuna/Canned_Tuna	tres					type		Consumables					
Items	Consumables/Cat_Food	name	0	substr	Items/Consumables/Cat_Food/Cat_Food	tres					name		Cat Food	1548	キャットフード			
Items	Consumables/Cat_Food	name	0	ignore	Items/Consumables/Cat_Food/Cat_Food	tres					inventory		Cat Food					
Items	Consumables/Cat_Food	name	0	ignore	Items/Consumables/Cat_Food/Cat_Food	tres					rotated		Cat Food					
Items	Consumables/Cat_Food	name	0	ignore	Items/Consumables/Cat_Food/Cat_Food	tres					equipment		Cat Food					
Items	Consumables/Cat_Food	name	0	ignore	Items/Consumables/Cat_Food/Cat_Food	tres					display		Cat Food					
Items	Consumables/Cat_Food	action	0	ignore	Items/Consumables/Cat_Food/Cat_Food	tres					phrase		Eat					
Items	Consumables/Cat_Food	type	0	ignore	Items/Consumables/Cat_Food/Cat_Food	tres					type		Consumables					
Items	Consumables/Chocolate_War	name	0	substr	Items/Consumables/Chocolate_War/Chocolate_War	tres					name		War Chocolate	1550	戦争チョコレート			
Items	Consumables/Chocolate_War	name	0	substr	Items/Consumables/Chocolate_War/Chocolate_War	tres					inventory		W. Choco	1552	W. チョコ			
Items	Consumables/Chocolate_War	name	0	ignore	Items/Consumables/Chocolate_War/Chocolate_War	tres					rotated		W. Choco					
Items	Consumables/Chocolate_War	name	0	ignore	Items/Consumables/Chocolate_War/Chocolate_War	tres					equipment		W. Choco					
Items	Consumables/Chocolate_War	name	0	ignore	Items/Consumables/Chocolate_War/Chocolate_War	tres					display		W. Choco					
Items	Consumables/Chocolate_War	action	0	ignore	Items/Consumables/Chocolate_War/Chocolate_War	tres					phrase		Eat					
Items	Consumables/Chocolate_War	type	0	ignore	Items/Consumables/Chocolate_War/Chocolate_War	tres					type		Consumables					
Items	Consumables/Cigarettes	name	0	substr	Items/Consumables/Cigarettes/Cigarettes	tres					name		Cigarettes	1554	タバコ			
Items	Consumables/Cigarettes	name	0	substr	Items/Consumables/Cigarettes/Cigarettes	tres					inventory		Cigs	1556	タバコ			
Items	Consumables/Cigarettes	name	0	ignore	Items/Consumables/Cigarettes/Cigarettes	tres					rotated		Cigs					
Items	Consumables/Cigarettes	name	0	ignore	Items/Consumables/Cigarettes/Cigarettes	tres					equipment		Cigs					
Items	Consumables/Cigarettes	name	0	ignore	Items/Consumables/Cigarettes/Cigarettes	tres					display		Cigs					
Items	Consumables/Cigarettes	action	0	ignore	Items/Consumables/Cigarettes/Cigarettes	tres					phrase		Smoke					
Items	Consumables/Cigarettes	type	0	ignore	Items/Consumables/Cigarettes/Cigarettes	tres					type		Consumables					
Items	Consumables/Cigars	name	0	substr	Items/Consumables/Cigars/Cigars	tres					name		Cigars	1558	葉巻			
Items	Consumables/Cigars	name	0	ignore	Items/Consumables/Cigars/Cigars	tres					inventory		Cigars					
Items	Consumables/Cigars	name	0	ignore	Items/Consumables/Cigars/Cigars	tres					rotated		Cigars					
Items	Consumables/Cigars	name	0	ignore	Items/Consumables/Cigars/Cigars	tres					equipment		Cigars					
Items	Consumables/Cigars	name	0	ignore	Items/Consumables/Cigars/Cigars	tres					display		Cigars					
Items	Consumables/Cigars	action	0	ignore	Items/Consumables/Cigars/Cigars	tres					phrase		Smoke					
Items	Consumables/Cigars	type	0	ignore	Items/Consumables/Cigars/Cigars	tres					type		Consumables					
Items	Consumables/Coffee	name	0	substr	Items/Consumables/Coffee/Coffee	tres					name		Coffee	1560	コーヒー			
Items	Consumables/Coffee	name	0	ignore	Items/Consumables/Coffee/Coffee	tres					inventory		Coffee					
Items	Consumables/Coffee	name	0	ignore	Items/Consumables/Coffee/Coffee	tres					rotated		Coffee					
Items	Consumables/Coffee	name	0	ignore	Items/Consumables/Coffee/Coffee	tres					equipment		Coffee					
Items	Consumables/Coffee	name	0	ignore	Items/Consumables/Coffee/Coffee	tres					display		Coffee					
Items	Consumables/Coffee	action	0	ignore	Items/Consumables/Coffee/Coffee	tres					phrase		Chew					
Items	Consumables/Coffee	type	0	ignore	Items/Consumables/Coffee/Coffee	tres					type		Consumables					
Items	Consumables/Coffee_Brewed	name	0	substr	Items/Consumables/Coffee_Brewed/Coffee_Brewed	tres					name		Coffee (Brewed)	1562	コーヒー（ドリップ）			
Items	Consumables/Coffee_Brewed	name	0	ignore	Items/Consumables/Coffee_Brewed/Coffee_Brewed	tres					inventory		Coffee (Brewed)					
Items	Consumables/Coffee_Brewed	name	0	ignore	Items/Consumables/Coffee_Brewed/Coffee_Brewed	tres					rotated		Coffee (Brewed)					
Items	Consumables/Coffee_Brewed	name	0	ignore	Items/Consumables/Coffee_Brewed/Coffee_Brewed	tres					equipment		Coffee (Brewed)					
Items	Consumables/Coffee_Brewed	name	0	substr	Items/Consumables/Coffee_Brewed/Coffee_Brewed	tres					display		C. Brewed	1564	C. 醸造			
Items	Consumables/Coffee_Brewed	action	0	ignore	Items/Consumables/Coffee_Brewed/Coffee_Brewed	tres					phrase		Drink					
Items	Consumables/Coffee_Brewed	type	0	ignore	Items/Consumables/Coffee_Brewed/Coffee_Brewed	tres					type		Consumables					
Items	Consumables/Cooked_Fish_Soup	name	0	substr	Items/Consumables/Cooked_Fish_Soup/Cooked_Fish_Soup	tres					name		Fish Soup (Cooked)	1566	魚のスープ（調理済み）			
Items	Consumables/Cooked_Fish_Soup	name	0	substr	Items/Consumables/Cooked_Fish_Soup/Cooked_Fish_Soup	tres					inventory		F. Soup (Cooked)	1568	F. スープ（調理済み）			
Items	Consumables/Cooked_Fish_Soup	name	0	ignore	Items/Consumables/Cooked_Fish_Soup/Cooked_Fish_Soup	tres					rotated		F. Soup (Cooked)					
Items	Consumables/Cooked_Fish_Soup	name	0	ignore	Items/Consumables/Cooked_Fish_Soup/Cooked_Fish_Soup	tres					equipment		F. Soup (Cooked)					
Items	Consumables/Cooked_Fish_Soup	name	0	substr	Items/Consumables/Cooked_Fish_Soup/Cooked_Fish_Soup	tres					display		F. Soup	1570	F. スープ			
Items	Consumables/Cooked_Fish_Soup	action	0	ignore	Items/Consumables/Cooked_Fish_Soup/Cooked_Fish_Soup	tres					phrase		Eat					
Items	Consumables/Cooked_Fish_Soup	type	0	ignore	Items/Consumables/Cooked_Fish_Soup/Cooked_Fish_Soup	tres					type		Consumables					
Items	Consumables/Cooked_Meatballs	name	0	substr	Items/Consumables/Cooked_Meatballs/Cooked_Meatballs	tres					name		Meatballs (Cooked)	1572	ミートボール（調理済み）			
Items	Consumables/Cooked_Meatballs	name	0	substr	Items/Consumables/Cooked_Meatballs/Cooked_Meatballs	tres					inventory		M. Balls (Cooked)	1574	M. ボールズ（調理済み）			
Items	Consumables/Cooked_Meatballs	name	0	ignore	Items/Consumables/Cooked_Meatballs/Cooked_Meatballs	tres					rotated		M. Balls (Cooked)					
Items	Consumables/Cooked_Meatballs	name	0	ignore	Items/Consumables/Cooked_Meatballs/Cooked_Meatballs	tres					equipment		M. Balls (Cooked)					
Items	Consumables/Cooked_Meatballs	name	0	substr	Items/Consumables/Cooked_Meatballs/Cooked_Meatballs	tres					display		M. Balls	1576	M. ボールズ			
Items	Consumables/Cooked_Meatballs	action	0	ignore	Items/Consumables/Cooked_Meatballs/Cooked_Meatballs	tres					phrase		Eat					
Items	Consumables/Cooked_Meatballs	type	0	ignore	Items/Consumables/Cooked_Meatballs/Cooked_Meatballs	tres					type		Consumables					
Items	Consumables/Cooked_Pea_Soup	name	0	substr	Items/Consumables/Cooked_Pea_Soup/Cooked_Pea_Soup	tres					name		Pea Soup (Cooked)	1578	エンドウ豆のスープ（調理済み）			
Items	Consumables/Cooked_Pea_Soup	name	0	substr	Items/Consumables/Cooked_Pea_Soup/Cooked_Pea_Soup	tres					inventory		P. Soup (Cooked)	1580	P. スープ（調理済み）			
Items	Consumables/Cooked_Pea_Soup	name	0	ignore	Items/Consumables/Cooked_Pea_Soup/Cooked_Pea_Soup	tres					rotated		P. Soup (Cooked)					
Items	Consumables/Cooked_Pea_Soup	name	0	ignore	Items/Consumables/Cooked_Pea_Soup/Cooked_Pea_Soup	tres					equipment		P. Soup (Cooked)					
Items	Consumables/Cooked_Pea_Soup	name	0	substr	Items/Consumables/Cooked_Pea_Soup/Cooked_Pea_Soup	tres					display		P. Soup	1582	P. スープ			
Items	Consumables/Cooked_Pea_Soup	action	0	ignore	Items/Consumables/Cooked_Pea_Soup/Cooked_Pea_Soup	tres					phrase		Eat					
Items	Consumables/Cooked_Pea_Soup	type	0	ignore	Items/Consumables/Cooked_Pea_Soup/Cooked_Pea_Soup	tres					type		Consumables					
Items	Consumables/Cooked_Tomato_Soup	name	0	substr	Items/Consumables/Cooked_Tomato_Soup/Cooked_Tomato_Soup	tres					name		Tomato Soup (Cooked)	1584	トマトスープ（調理済み）			
Items	Consumables/Cooked_Tomato_Soup	name	0	substr	Items/Consumables/Cooked_Tomato_Soup/Cooked_Tomato_Soup	tres					inventory		T. Soup (Cooked)	1586	T. スープ（調理済み）			
Items	Consumables/Cooked_Tomato_Soup	name	0	ignore	Items/Consumables/Cooked_Tomato_Soup/Cooked_Tomato_Soup	tres					rotated		T. Soup (Cooked)					
Items	Consumables/Cooked_Tomato_Soup	name	0	ignore	Items/Consumables/Cooked_Tomato_Soup/Cooked_Tomato_Soup	tres					equipment		T. Soup (Cooked)					
Items	Consumables/Cooked_Tomato_Soup	name	0	substr	Items/Consumables/Cooked_Tomato_Soup/Cooked_Tomato_Soup	tres					display		T. Soup	1588	T. スープ			
Items	Consumables/Cooked_Tomato_Soup	action	0	ignore	Items/Consumables/Cooked_Tomato_Soup/Cooked_Tomato_Soup	tres					phrase		Eat					
Items	Consumables/Cooked_Tomato_Soup	type	0	ignore	Items/Consumables/Cooked_Tomato_Soup/Cooked_Tomato_Soup	tres					type		Consumables					
Items	Consumables/Crackers	name	0	substr	Items/Consumables/Crackers/Crackers	tres					name		Crackers	1590	クラッカー			
Items	Consumables/Crackers	name	0	ignore	Items/Consumables/Crackers/Crackers	tres					inventory		Crackers					
Items	Consumables/Crackers	name	0	ignore	Items/Consumables/Crackers/Crackers	tres					rotated		Crackers					
Items	Consumables/Crackers	name	0	ignore	Items/Consumables/Crackers/Crackers	tres					equipment		Crackers					
Items	Consumables/Crackers	name	0	ignore	Items/Consumables/Crackers/Crackers	tres					display		Crackers					
Items	Consumables/Crackers	action	0	ignore	Items/Consumables/Crackers/Crackers	tres					phrase		Eat					
Items	Consumables/Crackers	type	0	ignore	Items/Consumables/Crackers/Crackers	tres					type		Consumables					
Items	Consumables/Energy_Drink	name	0	substr	Items/Consumables/Energy_Drink/Energy_Drink	tres					name		Energy Drink	1592	エナジードリンク			
Items	Consumables/Energy_Drink	name	0	substr	Items/Consumables/Energy_Drink/Energy_Drink	tres					inventory		E. Drink	1594	E. 飲み物			
Items	Consumables/Energy_Drink	name	0	ignore	Items/Consumables/Energy_Drink/Energy_Drink	tres					rotated		E. Drink					
Items	Consumables/Energy_Drink	name	0	ignore	Items/Consumables/Energy_Drink/Energy_Drink	tres					equipment		E. Drink					
Items	Consumables/Energy_Drink	name	0	ignore	Items/Consumables/Energy_Drink/Energy_Drink	tres					display		E. Drink					
Items	Consumables/Energy_Drink	action	0	ignore	Items/Consumables/Energy_Drink/Energy_Drink	tres					phrase		Drink					
Items	Consumables/Energy_Drink	type	0	ignore	Items/Consumables/Energy_Drink/Energy_Drink	tres					type		Consumable					
Items	Consumables/Energy_Powder	name	0	substr	Items/Consumables/Energy_Powder/Energy_Powder	tres					name		Energy Powder	1596	エナジーパウダー			
Items	Consumables/Energy_Powder	name	0	substr	Items/Consumables/Energy_Powder/Energy_Powder	tres					inventory		E. Powder	1598	E. 粉末			
Items	Consumables/Energy_Powder	name	0	ignore	Items/Consumables/Energy_Powder/Energy_Powder	tres					rotated		E. Powder					
Items	Consumables/Energy_Powder	name	0	ignore	Items/Consumables/Energy_Powder/Energy_Powder	tres					equipment		E. Powder					
Items	Consumables/Energy_Powder	name	0	ignore	Items/Consumables/Energy_Powder/Energy_Powder	tres					display		E. Powder					
Items	Consumables/Energy_Powder	action	0	ignore	Items/Consumables/Energy_Powder/Energy_Powder	tres					phrase		Chew					
Items	Consumables/Energy_Powder	type	0	ignore	Items/Consumables/Energy_Powder/Energy_Powder	tres					type		Consumables					
Items	Consumables/Field_Ration	name	0	substr	Items/Consumables/Field_Ration/Field_Ration	tres					name		Field Ration	1600	野戦食			
Items	Consumables/Field_Ration	name	0	ignore	Items/Consumables/Field_Ration/Field_Ration	tres					inventory		Field Ration					
Items	Consumables/Field_Ration	name	0	ignore	Items/Consumables/Field_Ration/Field_Ration	tres					rotated		Field Ration					
Items	Consumables/Field_Ration	name	0	ignore	Items/Consumables/Field_Ration/Field_Ration	tres					equipment		Field Ration					
Items	Consumables/Field_Ration	name	0	substr	Items/Consumables/Field_Ration/Field_Ration	tres					display		F. Ration	1602	F. 配給			
Items	Consumables/Field_Ration	action	0	ignore	Items/Consumables/Field_Ration/Field_Ration	tres					phrase		Eat					
Items	Consumables/Field_Ration	type	0	ignore	Items/Consumables/Field_Ration/Field_Ration	tres					type		Consumables					
Items	Consumables/Juices	name	0	substr									Juice	1604	ジュース			
Items	Consumables/Juice_Orange	name	0	substr	Items/Consumables/Juice_Orange/Juice_Orange	tres					name		Juice (Orange)	1606	ジュース（オレンジ）			
Items	Consumables/Juice_Orange	name	0	ignore	Items/Consumables/Juice_Orange/Juice_Orange	tres					inventory		Juice					
Items	Consumables/Juice_Orange	name	0	ignore	Items/Consumables/Juice_Orange/Juice_Orange	tres					rotated		Juice					
Items	Consumables/Juice_Orange	name	0	ignore	Items/Consumables/Juice_Orange/Juice_Orange	tres					equipment		Juice					
Items	Consumables/Juice_Orange	name	0	substr	Items/Consumables/Juice_Orange/Juice_Orange	tres					display		Juice O.	1608	ジュース・オー			
Items	Consumables/Juice_Orange	action	0	ignore	Items/Consumables/Juice_Orange/Juice_Orange	tres					phrase		Drink					
Items	Consumables/Juice_Orange	type	0	ignore	Items/Consumables/Juice_Orange/Juice_Orange	tres					type		Consumables					
Items	Consumables/Juice_Pear	name	0	substr	Items/Consumables/Juice_Pear/Juice_Pear	tres					name		Juice (Pear)	1610	ジュース（洋梨）			
Items	Consumables/Juice_Pear	name	0	ignore	Items/Consumables/Juice_Pear/Juice_Pear	tres					inventory		Juice					
Items	Consumables/Juice_Pear	name	0	ignore	Items/Consumables/Juice_Pear/Juice_Pear	tres					rotated		Juice					
Items	Consumables/Juice_Pear	name	0	ignore	Items/Consumables/Juice_Pear/Juice_Pear	tres					equipment		Juice					
Items	Consumables/Juice_Pear	name	0	substr	Items/Consumables/Juice_Pear/Juice_Pear	tres					display		Juice P.	1612	ジュース・P			
Items	Consumables/Juice_Pear	action	0	ignore	Items/Consumables/Juice_Pear/Juice_Pear	tres					phrase		Drink					
Items	Consumables/Juice_Pear	type	0	ignore	Items/Consumables/Juice_Pear/Juice_Pear	tres					type		Consumables					
Items	Consumables/Juice_Raspberry	name	0	substr	Items/Consumables/Juice_Raspberry/Juice_Raspberry	tres					name		Juice (Raspberry)	1614	ジュース（ラズベリー）			
Items	Consumables/Juice_Raspberry	name	0	ignore	Items/Consumables/Juice_Raspberry/Juice_Raspberry	tres					inventory		Juice					
Items	Consumables/Juice_Raspberry	name	0	ignore	Items/Consumables/Juice_Raspberry/Juice_Raspberry	tres					rotated		Juice					
Items	Consumables/Juice_Raspberry	name	0	ignore	Items/Consumables/Juice_Raspberry/Juice_Raspberry	tres					equipment		Juice					
Items	Consumables/Juice_Raspberry	name	0	substr	Items/Consumables/Juice_Raspberry/Juice_Raspberry	tres					display		Juice R.	1616	ジュース・R.			
Items	Consumables/Juice_Raspberry	action	0	ignore	Items/Consumables/Juice_Raspberry/Juice_Raspberry	tres					phrase		Drink					
Items	Consumables/Juice_Raspberry	type	0	ignore	Items/Consumables/Juice_Raspberry/Juice_Raspberry	tres					type		Consumables					
Items	Consumables/Kilju	name	0	substr	Items/Consumables/Kilju/Kilju	tres					name		Kilju	1618	キルジュ			
Items	Consumables/Kilju	name	0	ignore	Items/Consumables/Kilju/Kilju	tres					inventory		Kilju					
Items	Consumables/Kilju	name	0	ignore	Items/Consumables/Kilju/Kilju	tres					rotated		Kilju					
Items	Consumables/Kilju	name	0	ignore	Items/Consumables/Kilju/Kilju	tres					equipment		Kilju					
Items	Consumables/Kilju	name	0	ignore	Items/Consumables/Kilju/Kilju	tres					display		Kilju					
Items	Consumables/Kilju	action	0	ignore	Items/Consumables/Kilju/Kilju	tres					phrase		Drink					
Items	Consumables/Kilju	type	0	ignore	Items/Consumables/Kilju/Kilju	tres					type		Consumables					
Items	Consumables/Kompot	name	0	substr	Items/Consumables/Kompot/Kompot	tres					name		Kompot	1620	コンポト			
Items	Consumables/Kompot	name	0	ignore	Items/Consumables/Kompot/Kompot	tres					inventory		Kompot					
Items	Consumables/Kompot	name	0	ignore	Items/Consumables/Kompot/Kompot	tres					rotated		Kompot					
Items	Consumables/Kompot	name	0	ignore	Items/Consumables/Kompot/Kompot	tres					equipment		Kompot					
Items	Consumables/Kompot	name	0	ignore	Items/Consumables/Kompot/Kompot	tres					display		Kompot					
Items	Consumables/Kompot	action	0	ignore	Items/Consumables/Kompot/Kompot	tres					phrase		Eat					
Items	Consumables/Kompot	type	0	ignore	Items/Consumables/Kompot/Kompot	tres					type		Consumables					
Items	Consumables/Mustard	name	0	substr	Items/Consumables/Mustard/Mustard	tres					name		Mustard	1622	マスタード			
Items	Consumables/Mustard	name	0	ignore	Items/Consumables/Mustard/Mustard	tres					inventory		Mustard					
Items	Consumables/Mustard	name	0	ignore	Items/Consumables/Mustard/Mustard	tres					rotated		Mustard					
Items	Consumables/Mustard	name	0	ignore	Items/Consumables/Mustard/Mustard	tres					equipment		Mustard					
Items	Consumables/Mustard	name	0	ignore	Items/Consumables/Mustard/Mustard	tres					display		Mustard					
Items	Consumables/Mustard	action	0	ignore	Items/Consumables/Mustard/Mustard	tres					phrase		Eat					
Items	Consumables/Mustard	type	0	ignore	Items/Consumables/Mustard/Mustard	tres					type		Consumables					
Items	Consumables/Peanuts	name	0	substr	Items/Consumables/Peanuts/Peanuts	tres					name		Peanuts	1624	ピーナッツ			
Items	Consumables/Peanuts	name	0	ignore	Items/Consumables/Peanuts/Peanuts	tres					inventory		Peanuts					
Items	Consumables/Peanuts	name	0	ignore	Items/Consumables/Peanuts/Peanuts	tres					rotated		Peanuts					
Items	Consumables/Peanuts	name	0	ignore	Items/Consumables/Peanuts/Peanuts	tres					equipment		Peanuts					
Items	Consumables/Peanuts	name	0	ignore	Items/Consumables/Peanuts/Peanuts	tres					display		Peanuts					
Items	Consumables/Peanuts	action	0	ignore	Items/Consumables/Peanuts/Peanuts	tres					phrase		Eat					
Items	Consumables/Peanuts	type	0	ignore	Items/Consumables/Peanuts/Peanuts	tres					type		Consumables					
Items	Consumables/Potato	name	0	substr	Items/Consumables/Potato/Potato	tres					name		Potato	1626	ジャガイモ			
Items	Consumables/Potato	name	0	ignore	Items/Consumables/Potato/Potato	tres					inventory		Potato					
Items	Consumables/Potato	name	0	ignore	Items/Consumables/Potato/Potato	tres					rotated		Potato					
Items	Consumables/Potato	name	0	ignore	Items/Consumables/Potato/Potato	tres					equipment		Potato					
Items	Consumables/Potato	name	0	ignore	Items/Consumables/Potato/Potato	tres					display		Potato					
Items	Consumables/Potato	action	0	ignore	Items/Consumables/Potato/Potato	tres					phrase		Eat (Raw)					
Items	Consumables/Potato	type	0	ignore	Items/Consumables/Potato/Potato	tres					type		Consumables					
Items	Consumables/Salty_Liquorice	name	0	substr	Items/Consumables/Salty_Liquorice/Salty_Liquorice	tres					name		Salty Liquorice	1628	塩味のリコリス			
Items	Consumables/Salty_Liquorice	name	0	substr	Items/Consumables/Salty_Liquorice/Salty_Liquorice	tres					inventory		Salty Liq.	1630	塩味のリキッド			
Items	Consumables/Salty_Liquorice	name	0	ignore	Items/Consumables/Salty_Liquorice/Salty_Liquorice	tres					rotated		Salty Liq.					
Items	Consumables/Salty_Liquorice	name	0	ignore	Items/Consumables/Salty_Liquorice/Salty_Liquorice	tres					equipment		Salty Liq.					
Items	Consumables/Salty_Liquorice	name	0	ignore	Items/Consumables/Salty_Liquorice/Salty_Liquorice	tres					display		Salty Liq.					
Items	Consumables/Salty_Liquorice	action	0	ignore	Items/Consumables/Salty_Liquorice/Salty_Liquorice	tres					phrase		Eat					
Items	Consumables/Salty_Liquorice	type	0	ignore	Items/Consumables/Salty_Liquorice/Salty_Liquorice	tres					type		Consumables					
Items	Consumables/Snus	name	0	substr	Items/Consumables/Snus/Snus	tres					name		Snus	1632	スヌース			
Items	Consumables/Snus	name	0	ignore	Items/Consumables/Snus/Snus	tres					inventory		Snus					
Items	Consumables/Snus	name	0	ignore	Items/Consumables/Snus/Snus	tres					rotated		Snus					
Items	Consumables/Snus	name	0	ignore	Items/Consumables/Snus/Snus	tres					equipment		Snus					
Items	Consumables/Snus	name	0	ignore	Items/Consumables/Snus/Snus	tres					display		Snus					
Items	Consumables/Snus	action	0	ignore	Items/Consumables/Snus/Snus	tres					phrase		Use					
Items	Consumables/Snus	type	0	ignore	Items/Consumables/Snus/Snus	tres					type		Consumables					
Items	Consumables/Soda_Lemon	name	0	substr	Items/Consumables/Soda_Lemon/Soda_Lemon	tres					name		Soda (Lemon)	1634	ソーダ（レモン）			
Items	Consumables/Soda_Lemon	name	0	substr	Items/Consumables/Soda_Lemon/Soda_Lemon	tres					inventory		Soda	1636	ソーダ			
Items	Consumables/Soda_Lemon	name	0	ignore	Items/Consumables/Soda_Lemon/Soda_Lemon	tres					rotated		Soda					
Items	Consumables/Soda_Lemon	name	0	ignore	Items/Consumables/Soda_Lemon/Soda_Lemon	tres					equipment		Soda					
Items	Consumables/Soda_Lemon	name	0	substr	Items/Consumables/Soda_Lemon/Soda_Lemon	tres					display		Soda L.	1638	ソーダ・L.			
Items	Consumables/Soda_Lemon	action	0	ignore	Items/Consumables/Soda_Lemon/Soda_Lemon	tres					phrase		Drink					
Items	Consumables/Soda_Lemon	type	0	ignore	Items/Consumables/Soda_Lemon/Soda_Lemon	tres					type		Consumables					
Items	Consumables/Sugar	name	0	substr	Items/Consumables/Sugar/Sugar	tres					name		Sugar	1640	砂糖			
Items	Consumables/Sugar	name	0	ignore	Items/Consumables/Sugar/Sugar	tres					inventory		Sugar					
Items	Consumables/Sugar	name	0	ignore	Items/Consumables/Sugar/Sugar	tres					rotated		Sugar					
Items	Consumables/Sugar	name	0	ignore	Items/Consumables/Sugar/Sugar	tres					equipment		Sugar					
Items	Consumables/Sugar	name	0	ignore	Items/Consumables/Sugar/Sugar	tres					display		Sugar					
Items	Consumables/Sugar	action	0	ignore	Items/Consumables/Sugar/Sugar	tres					phrase		Eat					
Items	Consumables/Sugar	type	0	ignore	Items/Consumables/Sugar/Sugar	tres					type		Consumables					
Items	Consumables/Water_Bottle	name	0	substr	Items/Consumables/Water_Bottle/Water_Bottle	tres					name		Water Bottle	1642	水筒			
Items	Consumables/Water_Bottle	name	0	substr	Items/Consumables/Water_Bottle/Water_Bottle	tres					inventory		Water	1644	水			
Items	Consumables/Water_Bottle	name	0	ignore	Items/Consumables/Water_Bottle/Water_Bottle	tres					rotated		Water					
Items	Consumables/Water_Bottle	name	0	ignore	Items/Consumables/Water_Bottle/Water_Bottle	tres					equipment		Water					
Items	Consumables/Water_Bottle	name	0	ignore	Items/Consumables/Water_Bottle/Water_Bottle	tres					display		Water					
Items	Consumables/Water_Bottle	action	0	ignore	Items/Consumables/Water_Bottle/Water_Bottle	tres					phrase		Drink					
Items	Consumables/Water_Bottle	type	0	ignore	Items/Consumables/Water_Bottle/Water_Bottle	tres					type		Consumable					
Items	Consumables/Yeast	name	0	substr	Items/Consumables/Yeast/Yeast	tres					name		Yeast	1646	酵母			
Items	Consumables/Yeast	name	0	ignore	Items/Consumables/Yeast/Yeast	tres					inventory		Yeast					
Items	Consumables/Yeast	name	0	ignore	Items/Consumables/Yeast/Yeast	tres					rotated		Yeast					
Items	Consumables/Yeast	name	0	ignore	Items/Consumables/Yeast/Yeast	tres					equipment		Yeast					
Items	Consumables/Yeast	name	0	ignore	Items/Consumables/Yeast/Yeast	tres					display		Yeast					
Items	Consumables/Yeast	action	0	ignore	Items/Consumables/Yeast/Yeast	tres					phrase		Eat					
Items	Consumables/Yeast	type	0	ignore	Items/Consumables/Yeast/Yeast	tres					type		Consumables					
Items	Electronics	type	0	substr									Electronics	1648	電子機器			
Items	Electronics/Alarm_Clock	name	0	substr	Items/Electronics/Alarm_Clock/Alarm_Clock	tres					name		Alarm Clock	1650	目覚まし時計			
Items	Electronics/Alarm_Clock	name	0	substr	Items/Electronics/Alarm_Clock/Alarm_Clock	tres					inventory		A. Clock	1652	A. 時計			
Items	Electronics/Alarm_Clock	name	0	ignore	Items/Electronics/Alarm_Clock/Alarm_Clock	tres					rotated		A. Clock					
Items	Electronics/Alarm_Clock	name	0	ignore	Items/Electronics/Alarm_Clock/Alarm_Clock	tres					equipment		A. Clock					
Items	Electronics/Alarm_Clock	name	0	ignore	Items/Electronics/Alarm_Clock/Alarm_Clock	tres					display		A. Clock					
Items	Electronics/Alarm_Clock	type	0	ignore	Items/Electronics/Alarm_Clock/Alarm_Clock	tres					type		Electronics					
Items	Electronics/Batteries	name	0	substr	Items/Electronics/Batteries/Batteries	tres					name		Batteries	1654	電池			
Items	Electronics/Batteries	name	0	ignore	Items/Electronics/Batteries/Batteries	tres					inventory		Batteries					
Items	Electronics/Batteries	name	0	ignore	Items/Electronics/Batteries/Batteries	tres					rotated		Batteries					
Items	Electronics/Batteries	name	0	ignore	Items/Electronics/Batteries/Batteries	tres					equipment		Batteries					
Items	Electronics/Batteries	name	0	ignore	Items/Electronics/Batteries/Batteries	tres					display		Batteries					
Items	Electronics/Batteries	type	0	ignore	Items/Electronics/Batteries/Batteries	tres					type		Electronics					
Items	Electronics/Battery	name	0	substr	Items/Electronics/Battery/Battery	tres					name		Battery	1656	バッテリー			
Items	Electronics/Battery	name	0	ignore	Items/Electronics/Battery/Battery	tres					inventory		Battery					
Items	Electronics/Battery	name	0	ignore	Items/Electronics/Battery/Battery	tres					rotated		Battery					
Items	Electronics/Battery	name	0	ignore	Items/Electronics/Battery/Battery	tres					equipment		Battery					
Items	Electronics/Battery	name	0	ignore	Items/Electronics/Battery/Battery	tres					display		Battery					
Items	Electronics/Battery	type	0	ignore	Items/Electronics/Battery/Battery	tres					type		Electronics					
Items	Electronics/Battery_Cables	name	0	substr	Items/Electronics/Battery_Cables/Battery_Cables	tres					name		Battery Cables	1658	バッテリーケーブル			
Items	Electronics/Battery_Cables	name	0	substr	Items/Electronics/Battery_Cables/Battery_Cables	tres					inventory		B. Cables	1660	B. ケーブル			
Items	Electronics/Battery_Cables	name	0	ignore	Items/Electronics/Battery_Cables/Battery_Cables	tres					rotated		B. Cables					
Items	Electronics/Battery_Cables	name	0	ignore	Items/Electronics/Battery_Cables/Battery_Cables	tres					equipment		B. Cables					
Items	Electronics/Battery_Cables	name	0	ignore	Items/Electronics/Battery_Cables/Battery_Cables	tres					display		B. Cables					
Items	Electronics/Battery_Cables	type	0	ignore	Items/Electronics/Battery_Cables/Battery_Cables	tres					type		Electronics					
Items	Electronics	type	0	substr									Casette	1662	カセット			
Items	Electronics/Casette_Electrofolk	name	0	substr	Items/Electronics/Casette_Electrofolk/Casette_Electrofolk	tres					name		Casette (Electrofolk)	1664	カセット（エレクトロフォーク）			
Items	Electronics/Casette_Electrofolk	name	0	ignore	Items/Electronics/Casette_Electrofolk/Casette_Electrofolk	tres					inventory		Casette					
Items	Electronics/Casette_Electrofolk	name	0	ignore	Items/Electronics/Casette_Electrofolk/Casette_Electrofolk	tres					rotated		Casette					
Items	Electronics/Casette_Electrofolk	name	0	ignore	Items/Electronics/Casette_Electrofolk/Casette_Electrofolk	tres					equipment		Casette					
Items	Electronics/Casette_Electrofolk	name	0	ignore	Items/Electronics/Casette_Electrofolk/Casette_Electrofolk	tres					display		Casette					
Items	Electronics/Junna_Haavakko	song	0	substr	Items/Electronics/Casette_Electrofolk/Tracks/Junna_Haavakko	tres					name		Junna - Haavakko	1666	ジュンナ - ハヴァッコ			
Items	Electronics/Junna_Lempi	song	0	substr	Items/Electronics/Casette_Electrofolk/Tracks/Junna_Lempi	tres					name		Junna - Lempi	1668	ジュンナ - レンピ			
Items	Electronics/Junna_Mistä_Sä_Tiesit_Tulla	song	0	substr	Items/Electronics/Casette_Electrofolk/Tracks/Junna_Mistä_Sä_Tiesit_Tulla	tres					name		Junna - Mistä Sä Tiesit Tulla	1670	ジュンナ - どうやってここに来ることを知ったの			
Items	Electronics/Junna_Mukula	song	0	substr	Items/Electronics/Casette_Electrofolk/Tracks/Junna_Mukula	tres					name		Junna - Mukula	1672	ジュンナ - ムクラ			
Items	Electronics/Junna_Pappa_Se_Antoi_Hevosen	song	0	substr	Items/Electronics/Casette_Electrofolk/Tracks/Junna_Pappa_Se_Antoi_Hevosen	tres					name		Junna - Pappa Se Antoi Hevosen	1674	ジュンナ - パパが馬をくれた			
Items	Electronics/Junna_Rautahepo	song	0	substr	Items/Electronics/Casette_Electrofolk/Tracks/Junna_Rautahepo	tres					name		Junna - Rautahepo	1676	ジュンナ - ラウタヘポ			
Items	Electronics/Junna_Ruslana	song	0	substr	Items/Electronics/Casette_Electrofolk/Tracks/Junna_Ruslana	tres					name		Junna - Ruslana	1678	ジュンナ - ルスラナ			
Items	Electronics/Junna_Vandringsman	song	0	substr	Items/Electronics/Casette_Electrofolk/Tracks/Junna_Vandringsman	tres					name		Junna - Vandringsman	1680	ジュンナ - 放浪者			
Items	Electronics/Casette_Electrofolk	type	0	ignore	Items/Electronics/Casette_Electrofolk/Casette_Electrofolk	tres					type		Electronics					
Items	Electronics/Casette_Nomad	name	0	substr	Items/Electronics/Casette_Nomad/Casette_Nomad	tres					name		Casette (Nomad)	1682	カセット（ノマド）			
Items	Electronics/Casette_Nomad	name	0	ignore	Items/Electronics/Casette_Nomad/Casette_Nomad	tres					inventory		Casette					
Items	Electronics/Casette_Nomad	name	0	ignore	Items/Electronics/Casette_Nomad/Casette_Nomad	tres					rotated		Casette					
Items	Electronics/Casette_Nomad	name	0	ignore	Items/Electronics/Casette_Nomad/Casette_Nomad	tres					equipment		Casette					
Items	Electronics/Casette_Nomad	name	0	ignore	Items/Electronics/Casette_Nomad/Casette_Nomad	tres					display		Casette					
Items	Electronics/Casette_Nomad	type	0	ignore	Items/Electronics/Casette_Nomad/Casette_Nomad	tres					type		Electronics					
Items	Electronics/Casette_OST	name	0	substr	Items/Electronics/Casette_OST/Casette_OST	tres					name		Casette (OST)	1684	カセット（サウンドトラック）			
Items	Electronics/Casette_OST	name	0	ignore	Items/Electronics/Casette_OST/Casette_OST	tres					inventory		Casette					
Items	Electronics/Casette_OST	name	0	ignore	Items/Electronics/Casette_OST/Casette_OST	tres					rotated		Casette					
Items	Electronics/Casette_OST	name	0	ignore	Items/Electronics/Casette_OST/Casette_OST	tres					equipment		Casette					
Items	Electronics/Casette_OST	name	0	ignore	Items/Electronics/Casette_OST/Casette_OST	tres					display		Casette					
Items	Electronics/OST_Alive	song	0	substr	Items/Electronics/Casette_OST/Tracks/OST_Alive	tres					name		OST - Alive	1686	OST - Alive			
Items	Electronics/OST_Daybreak	song	0	substr	Items/Electronics/Casette_OST/Tracks/OST_Daybreak	tres					name		OST - Daybreak	1688	OST - 夜明け			
Items	Electronics/OST_Far	song	0	substr	Items/Electronics/Casette_OST/Tracks/OST_Far	tres					name		OST - Far	1690	OST - Far			
Items	Electronics/OST_Lost	song	0	substr	Items/Electronics/Casette_OST/Tracks/OST_Lost	tres					name		OST - Lost	1692	OST - ロスト			
Items	Electronics/OST_Rain	song	0	substr	Items/Electronics/Casette_OST/Tracks/OST_Rain	tres					name		OST - Rain	1694	OST - レイン			
Items	Electronics/OST_Road	song	0	substr	Items/Electronics/Casette_OST/Tracks/OST_Road	tres					name		OST - Road	1696	OST - ロード			
Items	Electronics/OST_Trailer	song	0	substr	Items/Electronics/Casette_OST/Tracks/OST_Trailer	tres					name		OST - Trailer	1698	OST - 予告編			
Items	Electronics/OST_Winds	song	0	substr	Items/Electronics/Casette_OST/Tracks/OST_Winds	tres					name		OST - Winds	1700	OST - ウィンド			
Items	Electronics/Casette_OST	type	0	ignore	Items/Electronics/Casette_OST/Casette_OST	tres					type		Electronics					
Items	Electronics/Casette_Radio	name	0	substr	Items/Electronics/Casette_Radio/Casette_Radio	tres					name		Casette (Radio Hits)	1702	カセット（ラジオ・ヒット）			
Items	Electronics/Casette_Radio	name	0	ignore	Items/Electronics/Casette_Radio/Casette_Radio	tres					inventory		Casette					
Items	Electronics/Casette_Radio	name	0	ignore	Items/Electronics/Casette_Radio/Casette_Radio	tres					rotated		Casette					
Items	Electronics/Casette_Radio	name	0	ignore	Items/Electronics/Casette_Radio/Casette_Radio	tres					equipment		Casette					
Items	Electronics/Casette_Radio	name	0	ignore	Items/Electronics/Casette_Radio/Casette_Radio	tres					display		Casette					
Items	Electronics/Radio_Kun_Jalat_Vielä_Kantaa	song	1	substr	Items/Electronics/Casette_Radio/Tracks/Radio_Kun_Jalat_Vielä_Kantaa	tres					name		Radio Hits - Kun Jalat Vielä Kantaa					
Items	Electronics/Radio_Rakkaus_On_Kuollut	song	1	substr	Items/Electronics/Casette_Radio/Tracks/Radio_Rakkaus_On_Kuollut	tres					name		Radio Hits - Rakkaus On Kuollut					
Items	Electronics/Radio_Viimeinen_Ruusu	song	1	substr	Items/Electronics/Casette_Radio/Tracks/Radio_Viimeinen_Ruusu	tres					name		Radio Hits - Viimeinen Ruusu					
Items	Electronics/Radio_Vostok_Tango	song	1	substr	Items/Electronics/Casette_Radio/Tracks/Radio_Vostok_Tango	tres					name		Radio Hits - Vostok Tango					
Items	Electronics/Casette_Radio	type	0	ignore	Items/Electronics/Casette_Radio/Casette_Radio	tres					type		Electronics					
Items	Electronics/Casette_Symphony	name	0	substr	Items/Electronics/Casette_Symphony/Casette_Symphony	tres					name		Casette (Symphony)	1704	カセット（交響曲）			
Items	Electronics/Casette_Symphony	name	0	ignore	Items/Electronics/Casette_Symphony/Casette_Symphony	tres					inventory		Casette					
Items	Electronics/Casette_Symphony	name	0	ignore	Items/Electronics/Casette_Symphony/Casette_Symphony	tres					rotated		Casette					
Items	Electronics/Casette_Symphony	name	0	ignore	Items/Electronics/Casette_Symphony/Casette_Symphony	tres					equipment		Casette					
Items	Electronics/Casette_Symphony	name	0	ignore	Items/Electronics/Casette_Symphony/Casette_Symphony	tres					display		Casette (Symphony)					
Items	Electronics/Vostok_Symphony	song	0	substr	Items/Electronics/Casette_Symphony/Tracks/Vostok_Symphony	tres					name		Vostok Symphony	1706	ボストーク交響楽団			
Items	Electronics/Casette_Symphony	type	0	ignore	Items/Electronics/Casette_Symphony/Casette_Symphony	tres					type		Electronics					
Items	Electronics/Casette_Player	name	0	substr	Items/Electronics/Casette_Player/Casette_Player	tres					name		Casette Player	1708	カセットプレーヤー			
Items	Electronics/Casette_Player	name	0	substr	Items/Electronics/Casette_Player/Casette_Player	tres					inventory		C. Player	1710	C. プレイヤー			
Items	Electronics/Casette_Player	name	0	ignore	Items/Electronics/Casette_Player/Casette_Player	tres					rotated		C. Player					
Items	Electronics/Casette_Player	name	0	ignore	Items/Electronics/Casette_Player/Casette_Player	tres					equipment		C. Player					
Items	Electronics/Casette_Player	name	0	ignore	Items/Electronics/Casette_Player/Casette_Player	tres					display		C. Player					
Items	Electronics/Casette_Player	type	0	ignore	Items/Electronics/Casette_Player/Casette_Player	tres					type		Electronics					
Items	Electronics/Coffeemaster	name	0	substr	Items/Electronics/Coffeemaster/Coffeemaster	tres					name		Coffeemaster	1712	コーヒーマスター			
Items	Electronics/Coffeemaster	name	0	ignore	Items/Electronics/Coffeemaster/Coffeemaster	tres					inventory		Coffeemaster					
Items	Electronics/Coffeemaster	name	0	ignore	Items/Electronics/Coffeemaster/Coffeemaster	tres					rotated		Coffeemaster					
Items	Electronics/Coffeemaster	name	0	ignore	Items/Electronics/Coffeemaster/Coffeemaster	tres					equipment		Coffeemaster					
Items	Electronics/Coffeemaster	name	0	substr	Items/Electronics/Coffeemaster/Coffeemaster	tres					display		C. Master	1714	C. 修士			
Items	Electronics/Coffeemaster	type	0	ignore	Items/Electronics/Coffeemaster/Coffeemaster	tres					type		Electronics					
Items	Electronics/Cooking_Station	name	0	substr	Items/Electronics/Cooking_Station/Cooking_Station	tres					name		Cooking Station	1716	調理ステーション			
Items	Electronics/Cooking_Station	name	0	ignore	Items/Electronics/Cooking_Station/Cooking_Station	tres					inventory		Cooking Station					
Items	Electronics/Cooking_Station	name	0	ignore	Items/Electronics/Cooking_Station/Cooking_Station	tres					rotated		Cooking Station					
Items	Electronics/Cooking_Station	name	0	ignore	Items/Electronics/Cooking_Station/Cooking_Station	tres					equipment		Cooking Station					
Items	Electronics/Cooking_Station	name	0	substr	Items/Electronics/Cooking_Station/Cooking_Station	tres					display		C. Station	1718	C. 駅			
Items	Electronics/Cooking_Station	type	0	ignore	Items/Electronics/Cooking_Station/Cooking_Station	tres					type		Electronics					
Items	Electronics/Hotplate	name	0	substr	Items/Electronics/Hotplate/Hotplate	tres					name		Hotplate	1720	ホットプレート			
Items	Electronics/Hotplate	name	0	ignore	Items/Electronics/Hotplate/Hotplate	tres					inventory		Hotplate					
Items	Electronics/Hotplate	name	0	ignore	Items/Electronics/Hotplate/Hotplate	tres					rotated		Hotplate					
Items	Electronics/Hotplate	name	0	ignore	Items/Electronics/Hotplate/Hotplate	tres					equipment		Hotplate					
Items	Electronics/Hotplate	name	0	ignore	Items/Electronics/Hotplate/Hotplate	tres					display		Hotplate					
Items	Electronics/Hotplate	type	0	ignore	Items/Electronics/Hotplate/Hotplate	tres					type		Electronics					
Items	Electronics/Inverter	name	0	substr	Items/Electronics/Inverter/Inverter	tres					name		Inverter	1722	インバータ			
Items	Electronics/Inverter	name	0	ignore	Items/Electronics/Inverter/Inverter	tres					inventory		Inverter					
Items	Electronics/Inverter	name	0	ignore	Items/Electronics/Inverter/Inverter	tres					rotated		Inverter					
Items	Electronics/Inverter	name	0	ignore	Items/Electronics/Inverter/Inverter	tres					equipment		Inverter					
Items	Electronics/Inverter	name	0	ignore	Items/Electronics/Inverter/Inverter	tres					display		Inverter					
Items	Electronics/Inverter	type	0	ignore	Items/Electronics/Inverter/Inverter	tres					type		Electronics					
Items	Electronics/Narva	name	0	substr	Items/Electronics/Narva/Narva	tres					name		Narva	1724	ナルヴァ			
Items	Electronics/Narva	name	0	ignore	Items/Electronics/Narva/Narva	tres					inventory		Narva					
Items	Electronics/Narva	name	0	ignore	Items/Electronics/Narva/Narva	tres					rotated		Narva					
Items	Electronics/Narva	name	0	ignore	Items/Electronics/Narva/Narva	tres					equipment		Narva					
Items	Electronics/Narva	name	0	ignore	Items/Electronics/Narva/Narva	tres					display		Narva					
Items	Electronics/Narva	type	0	ignore	Items/Electronics/Narva/Narva	tres					type		Electronics					
Items	Electronics/Polaris	name	0	substr	Items/Electronics/Polaris/Polaris	tres					name		Polaris	1726	ポラリス			
Items	Electronics/Polaris	name	0	ignore	Items/Electronics/Polaris/Polaris	tres					inventory		Polaris					
Items	Electronics/Polaris	name	0	ignore	Items/Electronics/Polaris/Polaris	tres					rotated		Polaris					
Items	Electronics/Polaris	name	0	ignore	Items/Electronics/Polaris/Polaris	tres					equipment		Polaris					
Items	Electronics/Polaris	name	0	ignore	Items/Electronics/Polaris/Polaris	tres					display		Polaris					
Items	Electronics/Polaris	type	0	ignore	Items/Electronics/Polaris/Polaris	tres					type		Electronics					
Items	Electronics/PV7	name	1	substr	Items/Electronics/PV7/PV7	tres					name		PV7					
Items	Electronics/PV7	name	1	ignore	Items/Electronics/PV7/PV7	tres					inventory		PV7					
Items	Electronics/PV7	name	1	ignore	Items/Electronics/PV7/PV7	tres					rotated		PV7					
Items	Electronics/PV7	name	1	ignore	Items/Electronics/PV7/PV7	tres					equipment		PV7					
Items	Electronics/PV7	name	1	ignore	Items/Electronics/PV7/PV7	tres					display		PV7					
Items	Electronics/PV7	type	0	ignore	Items/Electronics/PV7/PV7	tres					type		Electronics					
Items	Fishing	type	0	substr									Fish	1728	魚			
Items	Fishing	type	0	substr									Fishing	1730	釣り			
Items	Fishing/Bream	name	0	substr	Items/Fishing/Bream/Bream	tres					name		Bream	1732	鯛			
Items	Fishing/Bream	name	0	ignore	Items/Fishing/Bream/Bream	tres					inventory		Bream					
Items	Fishing/Bream	name	0	ignore	Items/Fishing/Bream/Bream	tres					rotated		Bream					
Items	Fishing/Bream	name	0	ignore	Items/Fishing/Bream/Bream	tres					equipment		Bream					
Items	Fishing/Bream	name	0	ignore	Items/Fishing/Bream/Bream	tres					display		Bream					
Items	Fishing/Bream	name	0	ignore	Items/Fishing/Bream/Bream	tres					phrase		Eat Raw					
Items	Fishing/Bream	type	0	ignore	Items/Fishing/Bream/Bream	tres					type		Fish					
Items	Fishing/Fishing_Rod	name	0	substr	Items/Fishing/Fishing_Rod/Fishing_Rod	tres					name		Fishing Rod	1734	釣り竿			
Items	Fishing/Fishing_Rod	name	0	ignore	Items/Fishing/Fishing_Rod/Fishing_Rod	tres					inventory		Fishing Rod					
Items	Fishing/Fishing_Rod	name	0	substr	Items/Fishing/Fishing_Rod/Fishing_Rod	tres					rotated		F. Rod	1736	F. ロッド			
Items	Fishing/Fishing_Rod	name	0	ignore	Items/Fishing/Fishing_Rod/Fishing_Rod	tres					equipment		Fishing Rod					
Items	Fishing/Fishing_Rod	name	0	ignore	Items/Fishing/Fishing_Rod/Fishing_Rod	tres					display		F. Rod					
Items	Fishing/Fishing_Rod	type	0	ignore	Items/Fishing/Fishing_Rod/Fishing_Rod	tres					type		Fishing					
Items	Fishing/Perch	name	0	substr	Items/Fishing/Perch/Perch	tres					name		Perch	1738	スズキ			
Items	Fishing/Perch	name	0	ignore	Items/Fishing/Perch/Perch	tres					inventory		Perch					
Items	Fishing/Perch	name	0	ignore	Items/Fishing/Perch/Perch	tres					rotated		Perch					
Items	Fishing/Perch	name	0	ignore	Items/Fishing/Perch/Perch	tres					equipment		Perch					
Items	Fishing/Perch	name	0	ignore	Items/Fishing/Perch/Perch	tres					display		Perch					
Items	Fishing/Perch	name	0	ignore	Items/Fishing/Perch/Perch	tres					phrase		Eat Raw					
Items	Fishing/Perch	type	0	ignore	Items/Fishing/Perch/Perch	tres					type		Fish					
Items	Fishing/Pike	name	0	substr	Items/Fishing/Pike/Pike	tres					name		Pike	1740	パイク			
Items	Fishing/Pike	name	0	ignore	Items/Fishing/Pike/Pike	tres					inventory		Pike					
Items	Fishing/Pike	name	0	ignore	Items/Fishing/Pike/Pike	tres					rotated		Pike					
Items	Fishing/Pike	name	0	ignore	Items/Fishing/Pike/Pike	tres					equipment		Pike					
Items	Fishing/Pike	name	0	ignore	Items/Fishing/Pike/Pike	tres					display		Pike					
Items	Fishing/Pike	name	0	ignore	Items/Fishing/Pike/Pike	tres					phrase		Eat Raw					
Items	Fishing/Pike	type	0	ignore	Items/Fishing/Pike/Pike	tres					type		Fish					
Items	Fishing/Roach	name	0	substr	Items/Fishing/Roach/Roach	tres					name		Roach	1742	ゴキブリ			
Items	Fishing/Roach	name	0	ignore	Items/Fishing/Roach/Roach	tres					inventory		Roach					
Items	Fishing/Roach	name	0	ignore	Items/Fishing/Roach/Roach	tres					rotated		Roach					
Items	Fishing/Roach	name	0	ignore	Items/Fishing/Roach/Roach	tres					equipment		Roach					
Items	Fishing/Roach	name	0	ignore	Items/Fishing/Roach/Roach	tres					display		Roach					
Items	Fishing/Roach	name	0	ignore	Items/Fishing/Roach/Roach	tres					phrase		Eat Raw					
Items	Fishing/Roach	type	0	ignore	Items/Fishing/Roach/Roach	tres					type		Fish					
Items	Grenades	type	0	substr									Grenade	1744	手榴弾			
Items	Grenades/F1	name	1	substr	Items/Grenades/F1/F1	tres					name		F1					
Items	Grenades/F1	name	1	ignore	Items/Grenades/F1/F1	tres					inventory		F1					
Items	Grenades/F1	name	1	ignore	Items/Grenades/F1/F1	tres					rotated		F1					
Items	Grenades/F1	name	1	ignore	Items/Grenades/F1/F1	tres					equipment		F1					
Items	Grenades/F1	name	1	ignore	Items/Grenades/F1/F1	tres					display		F1					
Items	Grenades/F1	type	0	ignore	Items/Grenades/F1/F1	tres					type		Grenade					
Items	Grenades/M43	name	1	substr	Items/Grenades/M43/M43	tres					name		M43					
Items	Grenades/M43	name	1	ignore	Items/Grenades/M43/M43	tres					inventory		M43					
Items	Grenades/M43	name	1	ignore	Items/Grenades/M43/M43	tres					rotated		M43					
Items	Grenades/M43	name	1	ignore	Items/Grenades/M43/M43	tres					equipment		M43					
Items	Grenades/M43	name	1	ignore	Items/Grenades/M43/M43	tres					display		M43					
Items	Grenades/M43	type	0	ignore	Items/Grenades/M43/M43	tres					type		Grenade					
Items	Grenades/M50	name	1	substr	Items/Grenades/M50/M50	tres					name		M50					
Items	Grenades/M50	name	1	ignore	Items/Grenades/M50/M50	tres					inventory		M50					
Items	Grenades/M50	name	1	ignore	Items/Grenades/M50/M50	tres					rotated		M50					
Items	Grenades/M50	name	1	ignore	Items/Grenades/M50/M50	tres					equipment		M50					
Items	Grenades/M50	name	1	ignore	Items/Grenades/M50/M50	tres					display		M50					
Items	Grenades/M50	type	0	ignore	Items/Grenades/M50/M50	tres					type		Grenade					
Items	Grenades/RGD-5	name	1	substr	Items/Grenades/RGD-5/RGD-5	tres					name		RGD-5					
Items	Grenades/RGD-5	name	1	ignore	Items/Grenades/RGD-5/RGD-5	tres					inventory		RGD-5					
Items	Grenades/RGD-5	name	1	ignore	Items/Grenades/RGD-5/RGD-5	tres					rotated		RGD-5					
Items	Grenades/RGD-5	name	1	ignore	Items/Grenades/RGD-5/RGD-5	tres					equipment		RGD-5					
Items	Grenades/RGD-5	name	1	ignore	Items/Grenades/RGD-5/RGD-5	tres					display		RGD-5					
Items	Grenades/RGD-5	type	0	ignore	Items/Grenades/RGD-5/RGD-5	tres					type		Grenade					
Items	Helmet	type	0	substr									Helmet	1746	ヘルメット			
Items	Helmet/Helmet_Police	name	0	substr	Items/Helmets/Helmet_Police/Helmet_Police	tres					name		Police Helmet (IIIA)	1748	警察用ヘルメット（IIIA）			
Items	Helmet/Helmet_Police	name	0	substr	Items/Helmets/Helmet_Police/Helmet_Police	tres					inventory		Police Helmet	1750	警察用ヘルメット			
Items	Helmet/Helmet_Police	name	0	ignore	Items/Helmets/Helmet_Police/Helmet_Police	tres					rotated		Police Helmet					
Items	Helmet/Helmet_Police	name	0	substr	Items/Helmets/Helmet_Police/Helmet_Police	tres					equipment		P. Helmet	1752	P. ヘルメット			
Items	Helmet/Helmet_Police	name	0	ignore	Items/Helmets/Helmet_Police/Helmet_Police	tres					display		P. Helmet					
Items	Helmet/Helmet_Police	type	0	ignore	Items/Helmets/Helmet_Police/Helmet_Police	tres					type		Helmet					
Items	Helmet/SSh-39	name	1	substr	Items/Helmets/SSh-39/SSh-39	tres					name		SSh-39 (II)					
Items	Helmet/SSh-39	name	1	substr	Items/Helmets/SSh-39/SSh-39	tres					inventory		SSh-39					
Items	Helmet/SSh-39	name	1	ignore	Items/Helmets/SSh-39/SSh-39	tres					rotated		SSh-39					
Items	Helmet/SSh-39	name	1	ignore	Items/Helmets/SSh-39/SSh-39	tres					equipment		SSh-39					
Items	Helmet/SSh-39	name	1	ignore	Items/Helmets/SSh-39/SSh-39	tres					display		SSh-39					
Items	Helmet/SSh-39	type	1	ignore	Items/Helmets/SSh-39/SSh-39	tres					type		Helmet					
Items	Instruments	type	0	substr									Instrument	1754	楽器			
Items	Instruments/Guitar	name	0	substr	Items/Instruments/Guitar/Guitar	tres					name		Guitar	1756	ギター			
Items	Instruments/Guitar	name	0	ignore	Items/Instruments/Guitar/Guitar	tres					inventory		Guitar					
Items	Instruments/Guitar	name	0	ignore	Items/Instruments/Guitar/Guitar	tres					rotated		Guitar					
Items	Instruments/Guitar	name	0	ignore	Items/Instruments/Guitar/Guitar	tres					equipment		Guitar					
Items	Instruments/Guitar	name	0	ignore	Items/Instruments/Guitar/Guitar	tres					display		Guitar					
Items	Instruments/Guitar	type	0	ignore	Items/Instruments/Guitar/Guitar	tres					type		Instrument					
Items	Instruments/Harmonica	name	0	substr	Items/Instruments/Harmonica/Harmonica	tres					name		Harmonica	1758	ハーモニカ			
Items	Instruments/Harmonica	name	0	ignore	Items/Instruments/Harmonica/Harmonica	tres					inventory		Harmonica					
Items	Instruments/Harmonica	name	0	substr	Items/Instruments/Harmonica/Harmonica	tres					rotated		Harmo.	1760	ハーモ。			
Items	Instruments/Harmonica	name	0	ignore	Items/Instruments/Harmonica/Harmonica	tres					equipment		Harmonica					
Items	Instruments/Harmonica	name	0	ignore	Items/Instruments/Harmonica/Harmonica	tres					display		Harmo.					
Items	Instruments/Harmonica	type	0	ignore	Items/Instruments/Harmonica/Harmonica	tres					type		Instrument					
Items	Key	type	0	substr									Key	1762	キー			
Items	Key/Key_Attic	name	0	substr	Items/Keys/Key_Attic	tres					name		Attic Key	1764	屋根裏部屋の鍵			
Items	Key/Key_Attic	name	0	substr	Items/Keys/Key_Attic	tres					inventory		Attic K.	1766	アティック・K			
Items	Key/Key_Attic	name	0	ignore	Items/Keys/Key_Attic	tres					rotated		Attic K.					
Items	Key/Key_Attic	name	0	ignore	Items/Keys/Key_Attic	tres					equipment		Attic K.					
Items	Key/Key_Attic	name	0	ignore	Items/Keys/Key_Attic	tres					display		Attic K.					
Items	Key/Key_Attic	type	0	ignore	Items/Keys/Key_Attic	tres					type		Key					
Items	Key/Key_Bunker	name	0	substr	Items/Keys/Key_Bunker	tres					name		Bunker Key	1768	バンカー・キー			
Items	Key/Key_Bunker	name	0	substr	Items/Keys/Key_Bunker	tres					inventory		Bunker K.	1770	バンカー・K			
Items	Key/Key_Bunker	name	0	ignore	Items/Keys/Key_Bunker	tres					rotated		Bunker K.					
Items	Key/Key_Bunker	name	0	ignore	Items/Keys/Key_Bunker	tres					equipment		Bunker K.					
Items	Key/Key_Bunker	name	0	ignore	Items/Keys/Key_Bunker	tres					display		Bunker K.					
Items	Key/Key_Bunker	type	0	ignore	Items/Keys/Key_Bunker	tres					type		Key					
Items	Key/Key_Cellar	name	0	substr	Items/Keys/Key_Cellar	tres					name		Cellar Key	1772	セラー・キー			
Items	Key/Key_Cellar	name	0	substr	Items/Keys/Key_Cellar	tres					inventory		Cellar K.	1774	セラーK.			
Items	Key/Key_Cellar	name	0	ignore	Items/Keys/Key_Cellar	tres					rotated		Cellar K.					
Items	Key/Key_Cellar	name	0	ignore	Items/Keys/Key_Cellar	tres					equipment		Cellar K.					
Items	Key/Key_Cellar	name	0	ignore	Items/Keys/Key_Cellar	tres					display		Cellar K.					
Items	Key/Key_Cellar	type	0	ignore	Items/Keys/Key_Cellar	tres					type		Key					
Items	Key/Key_Classroom	name	0	substr	Items/Keys/Key_Classroom	tres					name		Classroom Key	1776	教室の鍵			
Items	Key/Key_Classroom	name	0	substr	Items/Keys/Key_Classroom	tres					inventory		Class. K.	1778	クラスK			
Items	Key/Key_Classroom	name	0	ignore	Items/Keys/Key_Classroom	tres					rotated		Class. K.					
Items	Key/Key_Classroom	name	0	ignore	Items/Keys/Key_Classroom	tres					equipment		Class. K.					
Items	Key/Key_Classroom	name	0	ignore	Items/Keys/Key_Classroom	tres					display		Class. K.					
Items	Key/Key_Classroom	type	0	ignore	Items/Keys/Key_Classroom	tres					type		Key					
Items	Key/Key_Gymnasium	name	0	substr	Items/Keys/Key_Gymnasium	tres					name		Gymnasium Key	1780	体育館の鍵			
Items	Key/Key_Gymnasium	name	0	substr	Items/Keys/Key_Gymnasium	tres					inventory		Gym. K.	1782	ジム・K			
Items	Key/Key_Gymnasium	name	0	ignore	Items/Keys/Key_Gymnasium	tres					rotated		Gym. K.					
Items	Key/Key_Gymnasium	name	0	ignore	Items/Keys/Key_Gymnasium	tres					equipment		Gym. K.					
Items	Key/Key_Gymnasium	name	0	ignore	Items/Keys/Key_Gymnasium	tres					display		Gym. K.					
Items	Key/Key_Gymnasium	type	0	ignore	Items/Keys/Key_Gymnasium	tres					type		Key					
Items	Key/Key_Tunnel	name	0	substr	Items/Keys/Key_Tunnel	tres					name		Tunnel Key	1784	トンネルキー			
Items	Key/Key_Tunnel	name	0	substr	Items/Keys/Key_Tunnel	tres					inventory		Tunnel K.	1786	トンネルK			
Items	Key/Key_Tunnel	name	0	ignore	Items/Keys/Key_Tunnel	tres					rotated		Tunnel K.					
Items	Key/Key_Tunnel	name	0	ignore	Items/Keys/Key_Tunnel	tres					equipment		Tunnel K.					
Items	Key/Key_Tunnel	name	0	ignore	Items/Keys/Key_Tunnel	tres					display		Tunnel K.					
Items	Key/Key_Tunnel	type	0	ignore	Items/Keys/Key_Tunnel	tres					type		Key					
Items	Kives	type	0	substr									Knife	1788	ナイフ			
Items	Kives/Jaeger_140	name	0	substr	Items/Knives/Jaeger_140/Jaeger_140	tres					name		Jaeger 140	1790	イェーガー 140			
Items	Kives/Jaeger_140	name	0	ignore	Items/Knives/Jaeger_140/Jaeger_140	tres					inventory		Jaeger 140					
Items	Kives/Jaeger_140	name	0	substr	Items/Knives/Jaeger_140/Jaeger_140	tres					rotated		Jaeger	1792	イェーガー			
Items	Kives/Jaeger_140	name	0	ignore	Items/Knives/Jaeger_140/Jaeger_140	tres					equipment		Jaeger 140					
Items	Kives/Jaeger_140	name	0	ignore	Items/Knives/Jaeger_140/Jaeger_140	tres					display		Jaeger					
Items	Kives/Jaeger_140	type	0	ignore	Items/Knives/Jaeger_140/Jaeger_140	tres					type		Knife					
Items	Kives/Skrama_200	name	0	substr	Items/Knives/Skrama_200/Skrama_200	tres					name		Skrama 200	1794	スクラマ 200			
Items	Kives/Skrama_200	name	0	ignore	Items/Knives/Skrama_200/Skrama_200	tres					inventory		Skrama 200					
Items	Kives/Skrama_200	name	0	substr	Items/Knives/Skrama_200/Skrama_200	tres					rotated		Skrama	1796	スクラマ			
Items	Kives/Skrama_200	name	0	ignore	Items/Knives/Skrama_200/Skrama_200	tres					equipment		Skrama 200					
Items	Kives/Skrama_200	name	0	ignore	Items/Knives/Skrama_200/Skrama_200	tres					display		Skrama					
Items	Kives/Skrama_200	type	0	ignore	Items/Knives/Skrama_200/Skrama_200	tres					type		Knife					
Items	Kives/Skrama_240	name	0	substr	Items/Knives/Skrama_240/Skrama_240	tres					name		Skrama 240	1798	スクラマ 240			
Items	Kives/Skrama_240	name	0	ignore	Items/Knives/Skrama_240/Skrama_240	tres					inventory		Skrama 240					
Items	Kives/Skrama_240	name	0	ignore	Items/Knives/Skrama_240/Skrama_240	tres					rotated		Skrama					
Items	Kives/Skrama_240	name	0	ignore	Items/Knives/Skrama_240/Skrama_240	tres					equipment		Skrama 240					
Items	Kives/Skrama_240	name	0	ignore	Items/Knives/Skrama_240/Skrama_240	tres					display		Skrama					
Items	Kives/Skrama_240	type	0	ignore	Items/Knives/Skrama_240/Skrama_240	tres					type		Knife					
Items	Lore	type	0	substr									Lore	1800	伝承			
Items	Lore/Cat	name	0	substr	Items/Lore/Cat/Cat	tres					name		Cat	1802	猫			
Items	Lore/Cat	name	0	ignore	Items/Lore/Cat/Cat	tres					inventory		Cat					
Items	Lore/Cat	name	0	ignore	Items/Lore/Cat/Cat	tres					rotated		Cat					
Items	Lore/Cat	name	0	ignore	Items/Lore/Cat/Cat	tres					equipment		Cat					
Items	Lore/Cat	name	0	ignore	Items/Lore/Cat/Cat	tres					display		Cat					
Items	Lore/Cat	type	0	ignore	Items/Lore/Cat/Cat	tres					type		Lore					
Items	Lore/Oil_Sample	name	0	substr	Items/Lore/Oil_Sample/Oil_Sample	tres					name		Oil Sample	1804	石油サンプル			
Items	Lore/Oil_Sample	name	0	substr	Items/Lore/Oil_Sample/Oil_Sample	tres					inventory		Oil S.	1806	オイル・S.			
Items	Lore/Oil_Sample	name	0	ignore	Items/Lore/Oil_Sample/Oil_Sample	tres					rotated		Oil Sample					
Items	Lore/Oil_Sample	name	0	ignore	Items/Lore/Oil_Sample/Oil_Sample	tres					equipment		Oil S.					
Items	Lore/Oil_Sample	name	0	ignore	Items/Lore/Oil_Sample/Oil_Sample	tres					display		Oil S.					
Items	Lore/Oil_Sample	type	0	ignore	Items/Lore/Oil_Sample/Oil_Sample	tres					type		Lore					
Items	Lore/Patient_Report	name	0	substr	Items/Lore/Patient_Report/Patient_Report	tres					name		Patient Report	1808	患者報告			
Items	Lore/Patient_Report	name	0	ignore	Items/Lore/Patient_Report/Patient_Report	tres					inventory		Patient Report					
Items	Lore/Patient_Report	name	0	ignore	Items/Lore/Patient_Report/Patient_Report	tres					rotated		Patient Report					
Items	Lore/Patient_Report	name	0	substr	Items/Lore/Patient_Report/Patient_Report	tres					equipment		P. Report	1810	P. 報告書			
Items	Lore/Patient_Report	name	0	ignore	Items/Lore/Patient_Report/Patient_Report	tres					display		P. Report					
Items	Lore/Patient_Report	type	0	ignore	Items/Lore/Patient_Report/Patient_Report	tres					type		Lore					
Items	Medical	type	0	substr									Heal	1812	癒す			
Items	Medical	type	0	substr									Spray	1814	スプレー			
Items	Medical	type	0	substr									Medical	1816	医療			
Items	Medical/AFAK	name	1	substr	Items/Medical/AFAK/AFAK	tres					name		AFAK					
Items	Medical/AFAK	name	1	ignore	Items/Medical/AFAK/AFAK	tres					inventory		AFAK					
Items	Medical/AFAK	name	1	ignore	Items/Medical/AFAK/AFAK	tres					rotated		AFAK					
Items	Medical/AFAK	name	1	ignore	Items/Medical/AFAK/AFAK	tres					equipment		AFAK					
Items	Medical/AFAK	name	1	ignore	Items/Medical/AFAK/AFAK	tres					display		AFAK					
Items	Medical/AFAK	action	0	ignore	Items/Medical/AFAK/AFAK	tres					phrase		Heal					
Items	Medical/AFAK	type	0	ignore	Items/Medical/AFAK/AFAK	tres					type		Medical					
Items	Medical/Antibiotics	name	0	substr	Items/Medical/Antibiotics/Antibiotics	tres					name		Antibiotics	1818	抗生物質			
Items	Medical/Antibiotics	name	0	substr	Items/Medical/Antibiotics/Antibiotics	tres					inventory		Antibio.	1820	アンチビオ。			
Items	Medical/Antibiotics	name	0	ignore	Items/Medical/Antibiotics/Antibiotics	tres					rotated		Antibio.					
Items	Medical/Antibiotics	name	0	ignore	Items/Medical/Antibiotics/Antibiotics	tres					equipment		Antibio.					
Items	Medical/Antibiotics	name	0	ignore	Items/Medical/Antibiotics/Antibiotics	tres					display		Antibio.					
Items	Medical/Antibiotics	action	0	ignore	Items/Medical/Antibiotics/Antibiotics	tres					phrase		Heal					
Items	Medical/Antibiotics	type	0	ignore	Items/Medical/Antibiotics/Antibiotics	tres					type		Medical					
Items	Medical/Antiseptic	name	0	substr	Items/Medical/Antiseptic/Antiseptic	tres					name		Antiseptic	1822	消毒剤			
Items	Medical/Antiseptic	name	0	substr	Items/Medical/Antiseptic/Antiseptic	tres					inventory		A. Septic	1824	A. 浄化槽			
Items	Medical/Antiseptic	name	0	ignore	Items/Medical/Antiseptic/Antiseptic	tres					rotated		A. Septic					
Items	Medical/Antiseptic	name	0	ignore	Items/Medical/Antiseptic/Antiseptic	tres					equipment		A. Septic					
Items	Medical/Antiseptic	name	0	ignore	Items/Medical/Antiseptic/Antiseptic	tres					display		A. Septic					
Items	Medical/Antiseptic	type	0	ignore	Items/Medical/Antiseptic/Antiseptic	tres					type		Medical					
Items	Medical/Balm	name	0	substr	Items/Medical/Balm/Balm	tres					name		Balm	1826	バーム			
Items	Medical/Balm	name	0	ignore	Items/Medical/Balm/Balm	tres					inventory		Balm					
Items	Medical/Balm	name	0	ignore	Items/Medical/Balm/Balm	tres					rotated		Balm					
Items	Medical/Balm	name	0	ignore	Items/Medical/Balm/Balm	tres					equipment		Balm					
Items	Medical/Balm	name	0	ignore	Items/Medical/Balm/Balm	tres					display		Balm					
Items	Medical/Balm	action	0	ignore	Items/Medical/Balm/Balm	tres					phrase		Heal					
Items	Medical/Balm	type	0	ignore	Items/Medical/Balm/Balm	tres					type		Medical					
Items	Medical/Bandage	name	0	substr	Items/Medical/Bandage/Bandage	tres					name		Bandage	1828	包帯			
Items	Medical/Bandage	name	0	ignore	Items/Medical/Bandage/Bandage	tres					inventory		Bandage					
Items	Medical/Bandage	name	0	ignore	Items/Medical/Bandage/Bandage	tres					rotated		Bandage					
Items	Medical/Bandage	name	0	ignore	Items/Medical/Bandage/Bandage	tres					equipment		Bandage					
Items	Medical/Bandage	name	0	ignore	Items/Medical/Bandage/Bandage	tres					display		Bandage					
Items	Medical/Bandage	action	0	ignore	Items/Medical/Bandage/Bandage	tres					phrase		Heal					
Items	Medical/Bandage	type	0	ignore	Items/Medical/Bandage/Bandage	tres					type		Medical					
Items	Medical/Bandage_Improvised	name	0	substr	Items/Medical/Bandage_Improvised/Bandage_Improvised	tres					name		Bandage (Improvised)	1830	包帯（即席）			
Items	Medical/Bandage_Improvised	name	0	ignore	Items/Medical/Bandage_Improvised/Bandage_Improvised	tres					inventory		Bandage					
Items	Medical/Bandage_Improvised	name	0	ignore	Items/Medical/Bandage_Improvised/Bandage_Improvised	tres					rotated		Bandage					
Items	Medical/Bandage_Improvised	name	0	ignore	Items/Medical/Bandage_Improvised/Bandage_Improvised	tres					equipment		Bandage					
Items	Medical/Bandage_Improvised	name	0	ignore	Items/Medical/Bandage_Improvised/Bandage_Improvised	tres					display		Bandage					
Items	Medical/Bandage_Improvised	action	0	ignore	Items/Medical/Bandage_Improvised/Bandage_Improvised	tres					phrase		Heal					
Items	Medical/Bandage_Improvised	type	0	ignore	Items/Medical/Bandage_Improvised/Bandage_Improvised	tres					type		Medical					
Items	Medical/Cold_Medicine	name	0	substr	Items/Medical/Cold_Medicine/Cold_Medicine	tres					name		Cold Medicine	1832	風邪薬			
Items	Medical/Cold_Medicine	name	0	substr	Items/Medical/Cold_Medicine/Cold_Medicine	tres					inventory		C. Med.	1834	医学博士			
Items	Medical/Cold_Medicine	name	0	ignore	Items/Medical/Cold_Medicine/Cold_Medicine	tres					rotated		C. Med.					
Items	Medical/Cold_Medicine	name	0	ignore	Items/Medical/Cold_Medicine/Cold_Medicine	tres					equipment		C. Med.					
Items	Medical/Cold_Medicine	name	0	ignore	Items/Medical/Cold_Medicine/Cold_Medicine	tres					display		C. Med.					
Items	Medical/Cold_Medicine	action	0	ignore	Items/Medical/Cold_Medicine/Cold_Medicine	tres					phrase		Heal					
Items	Medical/Cold_Medicine	type	0	ignore	Items/Medical/Cold_Medicine/Cold_Medicine	tres					type		Medical					
Items	Medical/Deodorant	name	0	substr	Items/Medical/Deodorant/Deodorant	tres					name		Deodorant	1836	デオドラント			
Items	Medical/Deodorant	name	0	substr	Items/Medical/Deodorant/Deodorant	tres					inventory		Deodora.	1838	デオドラ。			
Items	Medical/Deodorant	name	0	ignore	Items/Medical/Deodorant/Deodorant	tres					rotated		Deodorant					
Items	Medical/Deodorant	name	0	ignore	Items/Medical/Deodorant/Deodorant	tres					equipment		Deodorant					
Items	Medical/Deodorant	name	0	ignore	Items/Medical/Deodorant/Deodorant	tres					display		Deodora.					
Items	Medical/Deodorant	action	0	ignore	Items/Medical/Deodorant/Deodorant	tres					phrase		Spray					
Items	Medical/Deodorant	type	0	ignore	Items/Medical/Deodorant/Deodorant	tres					type		Medical					
Items	Medical/Gum	name	0	substr	Items/Medical/Gum/Gum	tres					name		Gum	1840	ガム			
Items	Medical/Gum	name	0	ignore	Items/Medical/Gum/Gum	tres					inventory		Gum					
Items	Medical/Gum	name	0	ignore	Items/Medical/Gum/Gum	tres					rotated		Gum					
Items	Medical/Gum	name	0	ignore	Items/Medical/Gum/Gum	tres					equipment		Gum					
Items	Medical/Gum	name	0	ignore	Items/Medical/Gum/Gum	tres					display		Gum					
Items	Medical/Gum	action	0	ignore	Items/Medical/Gum/Gum	tres					phrase		Chew					
Items	Medical/Gum	type	0	ignore	Items/Medical/Gum/Gum	tres					type		Medical					
Items	Medical/IFAK	name	1	substr	Items/Medical/IFAK/IFAK	tres					name		IFAK					
Items	Medical/IFAK	name	1	ignore	Items/Medical/IFAK/IFAK	tres					inventory		IFAK					
Items	Medical/IFAK	name	1	ignore	Items/Medical/IFAK/IFAK	tres					rotated		IFAK					
Items	Medical/IFAK	name	1	ignore	Items/Medical/IFAK/IFAK	tres					equipment		IFAK					
Items	Medical/IFAK	name	1	ignore	Items/Medical/IFAK/IFAK	tres					display		IFAK					
Items	Medical/IFAK	action	1	ignore	Items/Medical/IFAK/IFAK	tres					phrase		Heal					
Items	Medical/IFAK	type	0	ignore	Items/Medical/IFAK/IFAK	tres					type		Medical					
Items	Medical/Lotion	name	0	substr	Items/Medical/Lotion/Lotion	tres					name		Lotion	1842	ローション			
Items	Medical/Lotion	name	0	ignore	Items/Medical/Lotion/Lotion	tres					inventory		Lotion					
Items	Medical/Lotion	name	0	ignore	Items/Medical/Lotion/Lotion	tres					rotated		Lotion					
Items	Medical/Lotion	name	0	ignore	Items/Medical/Lotion/Lotion	tres					equipment		Lotion					
Items	Medical/Lotion	name	0	ignore	Items/Medical/Lotion/Lotion	tres					display		Lotion					
Items	Medical/Lotion	action	0	ignore	Items/Medical/Lotion/Lotion	tres					phrase		Heal					
Items	Medical/Lotion	type	0	ignore	Items/Medical/Lotion/Lotion	tres					type		Medical					
Items	Medical/Medkit	name	0	substr	Items/Medical/Medkit/Medkit	tres					name		Medkit	1844	救急キット			
Items	Medical/Medkit	name	0	ignore	Items/Medical/Medkit/Medkit	tres					inventory		Medkit					
Items	Medical/Medkit	name	0	ignore	Items/Medical/Medkit/Medkit	tres					rotated		Medkit					
Items	Medical/Medkit	name	0	ignore	Items/Medical/Medkit/Medkit	tres					equipment		Medkit					
Items	Medical/Medkit	name	0	ignore	Items/Medical/Medkit/Medkit	tres					display		Medkit					
Items	Medical/Medkit	action	0	ignore	Items/Medical/Medkit/Medkit	tres					phrase		Heal					
Items	Medical/Medkit	type	0	ignore	Items/Medical/Medkit/Medkit	tres					type		Medical					
Items	Medical/Melatonin	name	0	substr	Items/Medical/Melatonin/Melatonin	tres					name		Melatonin	1846	メラトニン			
Items	Medical/Melatonin	name	0	substr	Items/Medical/Melatonin/Melatonin	tres					inventory		Melaton.	1848	メラトン。			
Items	Medical/Melatonin	name	0	ignore	Items/Medical/Melatonin/Melatonin	tres					rotated		Melaton.					
Items	Medical/Melatonin	name	0	ignore	Items/Medical/Melatonin/Melatonin	tres					equipment		Melaton.					
Items	Medical/Melatonin	name	0	ignore	Items/Medical/Melatonin/Melatonin	tres					display		Melaton.					
Items	Medical/Melatonin	type	0	ignore	Items/Medical/Melatonin/Melatonin	tres					type		Medical					
Items	Medical/Painkillers	name	0	substr	Items/Medical/Painkillers/Painkillers	tres					name		Painkill.	1850	鎮痛剤。			
Items	Medical/Painkillers	name	0	ignore	Items/Medical/Painkillers/Painkillers	tres					inventory		Painkill.					
Items	Medical/Painkillers	name	0	ignore	Items/Medical/Painkillers/Painkillers	tres					rotated		Painkill.					
Items	Medical/Painkillers	name	0	ignore	Items/Medical/Painkillers/Painkillers	tres					equipment		Painkill.					
Items	Medical/Painkillers	name	0	ignore	Items/Medical/Painkillers/Painkillers	tres					display		Painkill.					
Items	Medical/Painkillers	action	0	ignore	Items/Medical/Painkillers/Painkillers	tres					phrase		Heal					
Items	Medical/Painkillers	type	0	ignore	Items/Medical/Painkillers/Painkillers	tres					type		Medical					
Items	Medical/Saline	name	0	substr	Items/Medical/Saline/Saline	tres					name		Saline	1852	生理食塩水			
Items	Medical/Saline	name	0	ignore	Items/Medical/Saline/Saline	tres					inventory		Saline					
Items	Medical/Saline	name	0	ignore	Items/Medical/Saline/Saline	tres					rotated		Saline					
Items	Medical/Saline	name	0	ignore	Items/Medical/Saline/Saline	tres					equipment		Saline					
Items	Medical/Saline	name	0	ignore	Items/Medical/Saline/Saline	tres					display		Saline					
Items	Medical/Saline	type	0	ignore	Items/Medical/Saline/Saline	tres					type		Medical					
Items	Medical/Splint	name	0	substr	Items/Medical/Splint/Splint	tres					name		Splint	1854	副木			
Items	Medical/Splint	name	0	ignore	Items/Medical/Splint/Splint	tres					inventory		Splint					
Items	Medical/Splint	name	0	ignore	Items/Medical/Splint/Splint	tres					rotated		Splint					
Items	Medical/Splint	name	0	ignore	Items/Medical/Splint/Splint	tres					equipment		Splint					
Items	Medical/Splint	name	0	ignore	Items/Medical/Splint/Splint	tres					display		Splint					
Items	Medical/Splint	action	0	ignore	Items/Medical/Splint/Splint	tres					phrase		Heal					
Items	Medical/Splint	type	0	ignore	Items/Medical/Splint/Splint	tres					type		Medical					
Items	Medical/Splint_Improvised	name	0	substr	Items/Medical/Splint_Improvised/Splint_Improvised	tres					name		Splint (Improvised)	1856	（即席の）副子			
Items	Medical/Splint_Improvised	name	0	ignore	Items/Medical/Splint_Improvised/Splint_Improvised	tres					inventory		Splint (Improvised)					
Items	Medical/Splint_Improvised	name	0	ignore	Items/Medical/Splint_Improvised/Splint_Improvised	tres					rotated		Splint					
Items	Medical/Splint_Improvised	name	0	ignore	Items/Medical/Splint_Improvised/Splint_Improvised	tres					equipment		Splint					
Items	Medical/Splint_Improvised	name	0	ignore	Items/Medical/Splint_Improvised/Splint_Improvised	tres					display		Splint					
Items	Medical/Splint_Improvised	action	0	ignore	Items/Medical/Splint_Improvised/Splint_Improvised	tres					phrase		Heal					
Items	Medical/Splint_Improvised	type	0	ignore	Items/Medical/Splint_Improvised/Splint_Improvised	tres					type		Medical					
Items	Medical/Thermal_Blanket	name	0	substr	Items/Medical/Thermal_Blanket/Thermal_Blanket	tres					name		Thermal Blanket	1858	保温ブランケット			
Items	Medical/Thermal_Blanket	name	0	ignore	Items/Medical/Thermal_Blanket/Thermal_Blanket	tres					inventory		Thermal Blanket					
Items	Medical/Thermal_Blanket	name	0	ignore	Items/Medical/Thermal_Blanket/Thermal_Blanket	tres					rotated		Thermal Blanket					
Items	Medical/Thermal_Blanket	name	0	substr	Items/Medical/Thermal_Blanket/Thermal_Blanket	tres					equipment		Thermal	1860	熱			
Items	Medical/Thermal_Blanket	name	0	ignore	Items/Medical/Thermal_Blanket/Thermal_Blanket	tres					display		Thermal					
Items	Medical/Thermal_Blanket	action	0	ignore	Items/Medical/Thermal_Blanket/Thermal_Blanket	tres					phrase		Use					
Items	Medical/Thermal_Blanket	type	0	ignore	Items/Medical/Thermal_Blanket/Thermal_Blanket	tres					type		Medical					
Items	Medical/Tissues	name	0	substr	Items/Medical/Tissues/Tissues	tres					name		Tissues	1862	ティッシュ			
Items	Medical/Tissues	name	0	ignore	Items/Medical/Tissues/Tissues	tres					inventory		Tissues					
Items	Medical/Tissues	name	0	ignore	Items/Medical/Tissues/Tissues	tres					rotated		Tissues					
Items	Medical/Tissues	name	0	ignore	Items/Medical/Tissues/Tissues	tres					equipment		Tissues					
Items	Medical/Tissues	name	0	ignore	Items/Medical/Tissues/Tissues	tres					display		Tissues					
Items	Medical/Tissues	action	0	substr	Items/Medical/Tissues/Tissues	tres					phrase		Sneeze	1864	くしゃみ			
Items	Medical/Tissues	type	0	ignore	Items/Medical/Tissues/Tissues	tres					type		Medical					
Items	Medical/Tourniquet	name	0	substr	Items/Medical/Tourniquet/Tourniquet	tres					name		Tourniquet	1866	止血帯			
Items	Medical/Tourniquet	name	0	substr	Items/Medical/Tourniquet/Tourniquet	tres					inventory		Tourni.	1868	トゥルニ。			
Items	Medical/Tourniquet	name	0	ignore	Items/Medical/Tourniquet/Tourniquet	tres					rotated		Tourni.					
Items	Medical/Tourniquet	name	0	ignore	Items/Medical/Tourniquet/Tourniquet	tres					equipment		Tourni.					
Items	Medical/Tourniquet	name	0	ignore	Items/Medical/Tourniquet/Tourniquet	tres					display		Tourni.					
Items	Medical/Tourniquet	action	0	ignore	Items/Medical/Tourniquet/Tourniquet	tres					phrase		Heal					
Items	Medical/Tourniquet	type	0	ignore	Items/Medical/Tourniquet/Tourniquet	tres					type		Medical					
Items	Medical/Tourniquet_Improvised	name	0	substr	Items/Medical/Tourniquet_Improvised/Tourniquet_Improvised	tres					name		Tourniquet (Improvised)	1870	止血帯（即席）			
Items	Medical/Tourniquet_Improvised	name	0	ignore	Items/Medical/Tourniquet_Improvised/Tourniquet_Improvised	tres					inventory		Tourniquet					
Items	Medical/Tourniquet_Improvised	name	0	ignore	Items/Medical/Tourniquet_Improvised/Tourniquet_Improvised	tres					rotated		Tourni.					
Items	Medical/Tourniquet_Improvised	name	0	ignore	Items/Medical/Tourniquet_Improvised/Tourniquet_Improvised	tres					equipment		Tourni.					
Items	Medical/Tourniquet_Improvised	name	0	ignore	Items/Medical/Tourniquet_Improvised/Tourniquet_Improvised	tres					display		Tourni.					
Items	Medical/Tourniquet_Improvised	action	0	ignore	Items/Medical/Tourniquet_Improvised/Tourniquet_Improvised	tres					phrase		Heal					
Items	Medical/Tourniquet_Improvised	type	0	ignore	Items/Medical/Tourniquet_Improvised/Tourniquet_Improvised	tres					type		Medical					
Items	Medical/Wipes	name	0	substr	Items/Medical/Wipes/Wipes	tres					name		Wipes	1872	ウェットティッシュ			
Items	Medical/Wipes	name	0	ignore	Items/Medical/Wipes/Wipes	tres					inventory		Wipes					
Items	Medical/Wipes	name	0	ignore	Items/Medical/Wipes/Wipes	tres					rotated		Wipes					
Items	Medical/Wipes	name	0	ignore	Items/Medical/Wipes/Wipes	tres					equipment		Wipes					
Items	Medical/Wipes	name	0	ignore	Items/Medical/Wipes/Wipes	tres					display		Wipes					
Items	Medical/Wipes	action	0	substr	Items/Medical/Wipes/Wipes	tres					phrase		Wipe	1874	拭く			
Items	Medical/Wipes	type	0	ignore	Items/Medical/Wipes/Wipes	tres					type		Medical					
Items	Misc	type	0	substr									Misc	1876	その他			
Items	Misc/Blanket	name	0	substr	Items/Misc/Blanket/Blanket	tres					name		Blanket	1878	毛布			
Items	Misc/Blanket	name	0	ignore	Items/Misc/Blanket/Blanket	tres					inventory		Blanket					
Items	Misc/Blanket	name	0	ignore	Items/Misc/Blanket/Blanket	tres					rotated		Blanket					
Items	Misc/Blanket	name	0	ignore	Items/Misc/Blanket/Blanket	tres					equipment		Blanket					
Items	Misc/Blanket	name	0	ignore	Items/Misc/Blanket/Blanket	tres					display		Blanket					
Items	Misc/Blanket	type	0	ignore	Items/Misc/Blanket/Blanket	tres					type		Misc					
Items	Misc/Board_Game	name	0	substr	Items/Misc/Board_Game/Board_Game	tres					name		Board Game	1880	ボードゲーム			
Items	Misc/Board_Game	name	0	ignore	Items/Misc/Board_Game/Board_Game	tres					inventory		Board Game					
Items	Misc/Board_Game	name	0	ignore	Items/Misc/Board_Game/Board_Game	tres					rotated		Board Game					
Items	Misc/Board_Game	name	0	ignore	Items/Misc/Board_Game/Board_Game	tres					equipment		Board Game					
Items	Misc/Board_Game	name	0	substr	Items/Misc/Board_Game/Board_Game	tres					display		B. Game	1882	B. ゲーム			
Items	Misc/Board_Game	type	0	ignore	Items/Misc/Board_Game/Board_Game	tres					type		Misc					
Items	Misc/Bucket	name	0	substr	Items/Misc/Bucket/Bucket	tres					name		Bucket	1884	バケツ			
Items	Misc/Bucket	name	0	ignore	Items/Misc/Bucket/Bucket	tres					inventory		Bucket					
Items	Misc/Bucket	name	0	ignore	Items/Misc/Bucket/Bucket	tres					rotated		Bucket					
Items	Misc/Bucket	name	0	ignore	Items/Misc/Bucket/Bucket	tres					equipment		Bucket					
Items	Misc/Bucket	name	0	ignore	Items/Misc/Bucket/Bucket	tres					display		Bucket					
Items	Misc/Bucket	type	0	ignore	Items/Misc/Bucket/Bucket	tres					type		Misc					
Items	Misc/Coffee_Filter	name	0	substr	Items/Misc/Coffee_Filter/Coffee_Filter	tres					name		Coffee Filter	1886	コーヒーフィルター			
Items	Misc/Coffee_Filter	name	0	ignore	Items/Misc/Coffee_Filter/Coffee_Filter	tres					inventory		Coffee Filter					
Items	Misc/Coffee_Filter	name	0	ignore	Items/Misc/Coffee_Filter/Coffee_Filter	tres					rotated		Coffee Filter					
Items	Misc/Coffee_Filter	name	0	ignore	Items/Misc/Coffee_Filter/Coffee_Filter	tres					equipment		Coffee Filter					
Items	Misc/Coffee_Filter	name	0	substr	Items/Misc/Coffee_Filter/Coffee_Filter	tres					display		C. Filter	1888	C. フィルター			
Items	Misc/Coffee_Filter	type	0	ignore	Items/Misc/Coffee_Filter/Coffee_Filter	tres					type		Misc					
Items	Misc/Duct_Tape	name	0	substr	Items/Misc/Duct_Tape/Duct_Tape	tres					name		Duct Tape	1890	ダクトテープ			
Items	Misc/Duct_Tape	name	0	substr	Items/Misc/Duct_Tape/Duct_Tape	tres					inventory		D. Tape	1892	D. テープ			
Items	Misc/Duct_Tape	name	0	ignore	Items/Misc/Duct_Tape/Duct_Tape	tres					rotated		D. Tape					
Items	Misc/Duct_Tape	name	0	ignore	Items/Misc/Duct_Tape/Duct_Tape	tres					equipment		D. Tape					
Items	Misc/Duct_Tape	name	0	ignore	Items/Misc/Duct_Tape/Duct_Tape	tres					display		D. Tape					
Items	Misc/Duct_Tape	type	0	ignore	Items/Misc/Duct_Tape/Duct_Tape	tres					type		Misc					
Items	Misc/Happy_Stove	name	0	substr	Items/Misc/Happy_Stove/Happy_Stove	tres					name		Happy Stove	1894	ハッピー・ストーブ			
Items	Misc/Happy_Stove	name	0	ignore	Items/Misc/Happy_Stove/Happy_Stove	tres					inventory		Happy Stove					
Items	Misc/Happy_Stove	name	0	ignore	Items/Misc/Happy_Stove/Happy_Stove	tres					rotated		Happy Stove					
Items	Misc/Happy_Stove	name	0	ignore	Items/Misc/Happy_Stove/Happy_Stove	tres					equipment		Happy Stove					
Items	Misc/Happy_Stove	name	0	substr	Items/Misc/Happy_Stove/Happy_Stove	tres					display		H. Stove	1896	H. ストーブ			
Items	Misc/Happy_Stove	type	0	ignore	Items/Misc/Happy_Stove/Happy_Stove	tres					type		Misc					
Items	Misc/Jerry_Can	name	0	substr	Items/Misc/Jerry_Can/Jerry_Can	tres					name		Jerry Can	1898	ジェリー缶			
Items	Misc/Jerry_Can	name	0	ignore	Items/Misc/Jerry_Can/Jerry_Can	tres					inventory		Jerry Can					
Items	Misc/Jerry_Can	name	0	ignore	Items/Misc/Jerry_Can/Jerry_Can	tres					rotated		Jerry Can					
Items	Misc/Jerry_Can	name	0	ignore	Items/Misc/Jerry_Can/Jerry_Can	tres					equipment		Jerry Can					
Items	Misc/Jerry_Can	name	0	substr	Items/Misc/Jerry_Can/Jerry_Can	tres					display		Jerry C.	1900	ジェリー・C.			
Items	Misc/Jerry_Can	type	0	ignore	Items/Misc/Jerry_Can/Jerry_Can	tres					type		Misc					
Items	Misc/Lumber	name	0	substr	Items/Misc/Lumber/Lumber	tres					name		Lumber	1902	木材			
Items	Misc/Lumber	name	0	ignore	Items/Misc/Lumber/Lumber	tres					inventory		Lumber					
Items	Misc/Lumber	name	0	ignore	Items/Misc/Lumber/Lumber	tres					rotated		Lumber					
Items	Misc/Lumber	name	0	ignore	Items/Misc/Lumber/Lumber	tres					equipment		Lumber					
Items	Misc/Lumber	name	0	ignore	Items/Misc/Lumber/Lumber	tres					display		Lumber					
Items	Misc/Lumber	type	0	ignore	Items/Misc/Lumber/Lumber	tres					type		Misc					
Items	Misc/Map	name	0	substr	Items/Misc/Map/Map	tres					name		Map	1904	地図			
Items	Misc/Map	name	0	ignore	Items/Misc/Map/Map	tres					inventory		Map					
Items	Misc/Map	name	0	ignore	Items/Misc/Map/Map	tres					rotated		Map					
Items	Misc/Map	name	0	ignore	Items/Misc/Map/Map	tres					equipment		Map					
Items	Misc/Map	name	0	ignore	Items/Misc/Map/Map	tres					display		Map					
Items	Misc/Map	type	0	ignore	Items/Misc/Map/Map	tres					type		Misc					
Items	Misc/Map_Tactical	name	0	substr	Items/Misc/Map_Tactical/Map_Tactical	tres					name		Map (Tactical)	1906	地図（戦術用）			
Items	Misc/Map_Tactical	name	0	substr	Items/Misc/Map_Tactical/Map_Tactical	tres					inventory		T. Map	1908	T. 地図			
Items	Misc/Map_Tactical	name	0	ignore	Items/Misc/Map_Tactical/Map_Tactical	tres					rotated		T. Map					
Items	Misc/Map_Tactical	name	0	ignore	Items/Misc/Map_Tactical/Map_Tactical	tres					equipment		T. Map					
Items	Misc/Map_Tactical	name	0	ignore	Items/Misc/Map_Tactical/Map_Tactical	tres					display		Map (Tactical)					
Items	Misc/Map_Tactical	type	0	ignore	Items/Misc/Map_Tactical/Map_Tactical	tres					type		Misc					
Items	Misc/Matches	name	0	substr	Items/Misc/Matches/Matches	tres					name		Matches	1910	試合			
Items	Misc/Matches	name	0	substr	Items/Misc/Matches/Matches	tres					inventory		Mat.	1912	マテ。			
Items	Misc/Matches	name	0	ignore	Items/Misc/Matches/Matches	tres					rotated		Mat.					
Items	Misc/Matches	name	0	ignore	Items/Misc/Matches/Matches	tres					equipment		Mat.					
Items	Misc/Matches	name	0	ignore	Items/Misc/Matches/Matches	tres					display		Mat.					
Items	Misc/Matches	type	0	ignore	Items/Misc/Matches/Matches	tres					type		Misc					
Items	Misc/Mattress	name	0	substr	Items/Misc/Mattress/Mattress	tres					name		Mattress	1914	マットレス			
Items	Misc/Mattress	name	0	ignore	Items/Misc/Mattress/Mattress	tres					inventory		Mattress					
Items	Misc/Mattress	name	0	ignore	Items/Misc/Mattress/Mattress	tres					rotated		Mattress					
Items	Misc/Mattress	name	0	ignore	Items/Misc/Mattress/Mattress	tres					equipment		Mattress					
Items	Misc/Mattress	name	0	ignore	Items/Misc/Mattress/Mattress	tres					display		Mattress					
Items	Misc/Mattress	type	0	ignore	Items/Misc/Mattress/Mattress	tres					type		Misc					
Items	Misc/Mess_Kit	name	0	substr	Items/Misc/Mess_Kit/Mess_Kit	tres					name		Mess Kit	1916	食器セット			
Items	Misc/Mess_Kit	name	0	ignore	Items/Misc/Mess_Kit/Mess_Kit	tres					inventory		Mess Kit					
Items	Misc/Mess_Kit	name	0	ignore	Items/Misc/Mess_Kit/Mess_Kit	tres					rotated		Mess Kit					
Items	Misc/Mess_Kit	name	0	ignore	Items/Misc/Mess_Kit/Mess_Kit	tres					equipment		Mess Kit					
Items	Misc/Mess_Kit	name	0	ignore	Items/Misc/Mess_Kit/Mess_Kit	tres					display		Mess Kit					
Items	Misc/Mess_Kit	type	0	ignore	Items/Misc/Mess_Kit/Mess_Kit	tres					type		Misc					
Items	Misc/Nails	name	0	substr	Items/Misc/Nails/Nails	tres					name		Nails	1918	ネイル			
Items	Misc/Nails	name	0	ignore	Items/Misc/Nails/Nails	tres					inventory		Nails					
Items	Misc/Nails	name	0	ignore	Items/Misc/Nails/Nails	tres					rotated		Nails					
Items	Misc/Nails	name	0	ignore	Items/Misc/Nails/Nails	tres					equipment		Nails					
Items	Misc/Nails	name	0	ignore	Items/Misc/Nails/Nails	tres					display		Nails					
Items	Misc/Nails	type	0	ignore	Items/Misc/Nails/Nails	tres					type		Misc					
Items	Misc/Oil_Filter	name	0	substr	Items/Misc/Oil_Filter/Oil_Filter	tres					name		Oil Filter	1920	オイルフィルター			
Items	Misc/Oil_Filter	name	0	substr	Items/Misc/Oil_Filter/Oil_Filter	tres					inventory		O. Filter	1922	O. フィルター			
Items	Misc/Oil_Filter	name	0	ignore	Items/Misc/Oil_Filter/Oil_Filter	tres					rotated		Oil Filter					
Items	Misc/Oil_Filter	name	0	ignore	Items/Misc/Oil_Filter/Oil_Filter	tres					equipment		O. Filter					
Items	Misc/Oil_Filter	name	0	ignore	Items/Misc/Oil_Filter/Oil_Filter	tres					display		O. Filter					
Items	Misc/Oil_Filter	type	0	ignore	Items/Misc/Oil_Filter/Oil_Filter	tres					type		Misc					
Items	Misc/Pillow	name	0	substr	Items/Misc/Pillow/Pillow	tres					name		Pillow	1924	枕			
Items	Misc/Pillow	name	0	ignore	Items/Misc/Pillow/Pillow	tres					inventory		Pillow					
Items	Misc/Pillow	name	0	ignore	Items/Misc/Pillow/Pillow	tres					rotated		Pillow					
Items	Misc/Pillow	name	0	ignore	Items/Misc/Pillow/Pillow	tres					equipment		Pillow					
Items	Misc/Pillow	name	0	ignore	Items/Misc/Pillow/Pillow	tres					display		Pillow					
Items	Misc/Pillow	type	0	ignore	Items/Misc/Pillow/Pillow	tres					type		Misc					
Items	Misc/Rags	name	0	substr	Items/Misc/Rags/Rags	tres					name		Rags	1926	ぼろ			
Items	Misc/Rags	name	0	ignore	Items/Misc/Rags/Rags	tres					inventory		Rags					
Items	Misc/Rags	name	0	ignore	Items/Misc/Rags/Rags	tres					rotated		Rags					
Items	Misc/Rags	name	0	ignore	Items/Misc/Rags/Rags	tres					equipment		Rags					
Items	Misc/Rags	name	0	ignore	Items/Misc/Rags/Rags	tres					display		Rags					
Items	Misc/Rags	type	0	ignore	Items/Misc/Rags/Rags	tres					type		Misc					
Items	Misc	name	0	substr									Sleeping_Bag	1928	寝袋			
Items	Misc/Sleeping_Bag	name	0	substr	Items/Misc/Sleeping_Bag/Sleeping_Bag	tres					name		Sleeping Bag	1930	寝袋			
Items	Misc/Sleeping_Bag	name	0	ignore	Items/Misc/Sleeping_Bag/Sleeping_Bag	tres					inventory		Sleeping Bag					
Items	Misc/Sleeping_Bag	name	0	ignore	Items/Misc/Sleeping_Bag/Sleeping_Bag	tres					rotated		Sleeping Bag					
Items	Misc/Sleeping_Bag	name	0	ignore	Items/Misc/Sleeping_Bag/Sleeping_Bag	tres					equipment		Sleeping Bag					
Items	Misc/Sleeping_Bag	name	0	substr	Items/Misc/Sleeping_Bag/Sleeping_Bag	tres					display		S. Bag	1932	S. バッグ			
Items	Misc/Sleeping_Bag	type	0	ignore	Items/Misc/Sleeping_Bag/Sleeping_Bag	tres					type		Misc					
Items	Misc/Sticks	name	0	substr	Items/Misc/Sticks/Sticks	tres					name		Sticks	1934	棒			
Items	Misc/Sticks	name	0	ignore	Items/Misc/Sticks/Sticks	tres					inventory		Sticks					
Items	Misc/Sticks	name	0	ignore	Items/Misc/Sticks/Sticks	tres					rotated		Sticks					
Items	Misc/Sticks	name	0	ignore	Items/Misc/Sticks/Sticks	tres					equipment		Sticks					
Items	Misc/Sticks	name	0	ignore	Items/Misc/Sticks/Sticks	tres					display		Sticks					
Items	Misc/Sticks	type	0	ignore	Items/Misc/Sticks/Sticks	tres					type		 Misc					
Items	Misc/Tackle_Box	name	0	substr	Items/Misc/Tackle_Box/Tackle_Box	tres					name		Tackle Box	1936	タックルボックス			
Items	Misc/Tackle_Box	name	0	ignore	Items/Misc/Tackle_Box/Tackle_Box	tres					inventory		Tackle Box					
Items	Misc/Tackle_Box	name	0	ignore	Items/Misc/Tackle_Box/Tackle_Box	tres					rotated		Tackle Box					
Items	Misc/Tackle_Box	name	0	ignore	Items/Misc/Tackle_Box/Tackle_Box	tres					equipment		Tackle Box					
Items	Misc/Tackle_Box	name	0	substr	Items/Misc/Tackle_Box/Tackle_Box	tres					display		Tackle B.	1938	タックルB.			
Items	Misc/Tackle_Box	type	0	ignore	Items/Misc/Tackle_Box/Tackle_Box	tres					type		Misc					
Items	Misc/Toilet_Paper	name	0	substr	Items/Misc/Toilet_Paper/Toilet_Paper	tres					name		Toilet Paper	1940	トイレットペーパー			
Items	Misc/Toilet_Paper	name	0	substr	Items/Misc/Toilet_Paper/Toilet_Paper	tres					inventory		T. Paper	1942	T. ペーパー			
Items	Misc/Toilet_Paper	name	0	ignore	Items/Misc/Toilet_Paper/Toilet_Paper	tres					rotated		T. Paper					
Items	Misc/Toilet_Paper	name	0	ignore	Items/Misc/Toilet_Paper/Toilet_Paper	tres					equipment		T. Paper					
Items	Misc/Toilet_Paper	name	0	ignore	Items/Misc/Toilet_Paper/Toilet_Paper	tres					display		T. Paper					
Items	Misc/Toilet_Paper	type	0	ignore	Items/Misc/Toilet_Paper/Toilet_Paper	tres					type		Misc					
Items	Misc/Toolbox	name	0	substr	Items/Misc/Toolbox/Toolbox	tres					name		Toolbox	1944	ツールボックス			
Items	Misc/Toolbox	name	0	ignore	Items/Misc/Toolbox/Toolbox	tres					inventory		Toolbox					
Items	Misc/Toolbox	name	0	ignore	Items/Misc/Toolbox/Toolbox	tres					rotated		Toolbox					
Items	Misc/Toolbox	name	0	ignore	Items/Misc/Toolbox/Toolbox	tres					equipment		Toolbox					
Items	Misc/Toolbox	name	0	ignore	Items/Misc/Toolbox/Toolbox	tres					display		Toolbox					
Items	Misc/Toolbox	type	0	ignore	Items/Misc/Toolbox/Toolbox	tres					type		Misc					
Items	Misc/Water_Lock	name	0	substr	Items/Misc/Water_Lock/Water_Lock	tres					name		Water Lock	1946	水封			
Items	Misc/Water_Lock	name	0	substr	Items/Misc/Water_Lock/Water_Lock	tres					inventory		W. Lock	1948	W. ロック			
Items	Misc/Water_Lock	name	0	ignore	Items/Misc/Water_Lock/Water_Lock	tres					rotated		W. Lock					
Items	Misc/Water_Lock	name	0	ignore	Items/Misc/Water_Lock/Water_Lock	tres					equipment		W. Lock					
Items	Misc/Water_Lock	name	0	ignore	Items/Misc/Water_Lock/Water_Lock	tres					display		W. Lock					
Items	Misc/Water_Lock	type	0	ignore	Items/Misc/Water_Lock/Water_Lock	tres					type		Misc					
Items	Misc/Weapon_Repair_Kit	name	0	substr	Items/Misc/Weapon_Repair_Kit/Weapon_Repair_Kit	tres					name		Weapon Repair Kit	1950	武器修理キット			
Items	Misc/Weapon_Repair_Kit	name	0	ignore	Items/Misc/Weapon_Repair_Kit/Weapon_Repair_Kit	tres					inventory		Weapon Repair Kit					
Items	Misc/Weapon_Repair_Kit	name	0	substr	Items/Misc/Weapon_Repair_Kit/Weapon_Repair_Kit	tres					rotated		Repair Kit	1952	修理キット			
Items	Misc/Weapon_Repair_Kit	name	0	ignore	Items/Misc/Weapon_Repair_Kit/Weapon_Repair_Kit	tres					equipment		Repair Kit					
Items	Misc/Weapon_Repair_Kit	name	0	ignore	Items/Misc/Weapon_Repair_Kit/Weapon_Repair_Kit	tres					display		Repair Kit					
Items	Misc/Weapon_Repair_Kit	type	0	ignore	Items/Misc/Weapon_Repair_Kit/Weapon_Repair_Kit	tres					type		Misc					
Items	Rigs	type	0	substr									Rig	1954	リグ			
Items	Rigs/K19	name	1	substr	Items/Rigs/K19/K19	tres					name		K19					
Items	Rigs/K19	name	1	ignore	Items/Rigs/K19/K19	tres					inventory		K19					
Items	Rigs/K19	name	1	ignore	Items/Rigs/K19/K19	tres					rotated		K19					
Items	Rigs/K19	name	1	ignore	Items/Rigs/K19/K19	tres					equipment		K19					
Items	Rigs/K19	name	1	ignore	Items/Rigs/K19/K19	tres					display		K19					
Items	Rigs/K19	type	0	ignore	Items/Rigs/K19/K19	tres					type		Rig					
Items	Rigs/LVPC_Green	name	0	substr	Items/Rigs/LVPC/LVPC_Green	tres					name		LVPC (Green)	1956	LVPC（緑）			
Items	Rigs/LVPC_Green	name	1	substr	Items/Rigs/LVPC/LVPC_Green	tres					inventory		LVPC					
Items	Rigs/LVPC_Green	name	1	ignore	Items/Rigs/LVPC/LVPC_Green	tres					rotated		LVPC					
Items	Rigs/LVPC_Green	name	1	ignore	Items/Rigs/LVPC/LVPC_Green	tres					equipment		LVPC					
Items	Rigs/LVPC_Green	name	1	ignore	Items/Rigs/LVPC/LVPC_Green	tres					display		LVPC					
Items	Rigs/LVPC_Green	type	0	ignore	Items/Rigs/LVPC/LVPC_Green	tres					type		Rig					
Items	Rigs/LVPC_M05	name	1	substr	Items/Rigs/LVPC/LVPC_M05	tres					name		LVPC (M05)					
Items	Rigs/LVPC_M05	name	1	ignore	Items/Rigs/LVPC/LVPC_M05	tres					inventory		LVPC					
Items	Rigs/LVPC_M05	name	1	ignore	Items/Rigs/LVPC/LVPC_M05	tres					rotated		LVPC					
Items	Rigs/LVPC_M05	name	1	ignore	Items/Rigs/LVPC/LVPC_M05	tres					equipment		LVPC					
Items	Rigs/LVPC_M05	name	1	ignore	Items/Rigs/LVPC/LVPC_M05	tres					display		LVPC					
Items	Rigs/LVPC_M05	type	0	ignore	Items/Rigs/LVPC/LVPC_M05	tres					type		Rig					
Items	Rigs/LVPC_Winter	name	0	substr	Items/Rigs/LVPC/LVPC_Winter	tres					name		LVPC (Winter)	1958	LVPC（冬）			
Items	Rigs/LVPC_Winter	name	1	ignore	Items/Rigs/LVPC/LVPC_Winter	tres					inventory		LVPC					
Items	Rigs/LVPC_Winter	name	1	ignore	Items/Rigs/LVPC/LVPC_Winter	tres					rotated		LVPC					
Items	Rigs/LVPC_Winter	name	1	ignore	Items/Rigs/LVPC/LVPC_Winter	tres					equipment		LVPC					
Items	Rigs/LVPC_Winter	name	1	ignore	Items/Rigs/LVPC/LVPC_Winter	tres					display		LVPC					
Items	Rigs/LVPC_Winter	type	0	ignore	Items/Rigs/LVPC/LVPC_Winter	tres					type		Rig					
Items	Rigs/Vest_Fishing	name	0	ignore	Items/Rigs/Vest_Fishing/Vest_Fishing	tres					name		Rig					
Items	Rigs/Vest_Fishing	name	0	substr	Items/Rigs/Vest_Fishing/Vest_Fishing	tres					inventory		Fishing Vest	1960	フィッシングベスト			
Items	Rigs/Vest_Fishing	name	0	ignore	Items/Rigs/Vest_Fishing/Vest_Fishing	tres					rotated		Fishing Vest					
Items	Rigs/Vest_Fishing	name	0	ignore	Items/Rigs/Vest_Fishing/Vest_Fishing	tres					equipment		Fishing Vest					
Items	Rigs/Vest_Fishing	name	0	substr	Items/Rigs/Vest_Fishing/Vest_Fishing	tres					display		F. Vest	1962	F. ベスト			
Items	Rigs/Vest_Fishing	type	0	ignore	Items/Rigs/Vest_Fishing/Vest_Fishing	tres					type		Rig					
Items	Weapons	type	0	substr									Weapon	1964	武器			
Items	Weapons	type	0	substr									Mag.	1966	修士（Mag.）			
Items	Weapons	type	0	ignore									Attachment					
Items	Weapons/AK-12	name	1	substr	Items/Weapons/AK-12/AK-12	:			name				KA-12					
Items	Weapons/AK-12	name	1	ignore	Items/Weapons/AK-12/AK-12	tres					inventory		KA-12					
Items	Weapons/AK-12	name	1	ignore	Items/Weapons/AK-12/AK-12	tres					rotated		KA-12					
Items	Weapons/AK-12	name	1	ignore	Items/Weapons/AK-12/AK-12	tres					equipment		KA-12					
Items	Weapons/AK-12	name	1	ignore	Items/Weapons/AK-12/AK-12	tres					display		KA-12					
Items	Weapons/AK-12	type	1	ignore	Items/Weapons/AK-12/AK-12	tres					type		Weapon					
Items	Weapons/AK-12_Magazine	name	0	substr	Items/Weapons/AK-12/AK-12_Magazine	tres					name		KA-12 Magazine	1968	KA-12マガジン			
Items	Weapons/AK-12_Magazine	name	0	ignore	Items/Weapons/AK-12/AK-12_Magazine	tres					inventory		Mag.					
Items	Weapons/AK-12_Magazine	name	0	ignore	Items/Weapons/AK-12/AK-12_Magazine	tres					rotated		Mag.					
Items	Weapons/AK-12_Magazine	name	0	ignore	Items/Weapons/AK-12/AK-12_Magazine	tres					equipment		Mag.					
Items	Weapons/AK-12_Magazine	name	0	ignore	Items/Weapons/AK-12/AK-12_Magazine	tres					display		Mag.					
Items	Weapons/AK-12_Magazine	type	0	ignore	Items/Weapons/AK-12/AK-12_Magazine	tres					type		Attachment					
Items	Weapons/AKM	name	1	substr	Items/Weapons/AKM/AKM	tres					name		KA-M					
Items	Weapons/AKM	name	1	ignore	Items/Weapons/AKM/AKM	tres					inventory		KA-M					
Items	Weapons/AKM	name	1	ignore	Items/Weapons/AKM/AKM	tres					rotated		KA-M					
Items	Weapons/AKM	name	1	ignore	Items/Weapons/AKM/AKM	tres					equipment		KA-M					
Items	Weapons/AKM	name	1	ignore	Items/Weapons/AKM/AKM	tres					display		KA-M					
Items	Weapons/AKM	type	0	ignore	Items/Weapons/AKM/AKM	tres					type		Weapon					
Items	Weapons/AKM_Magazine	name	0	substr	Items/Weapons/AKM/AKM_Magazine	tres					name		KA-M Magazine	1970	KA-Mマガジン			
Items	Weapons/AKM_Magazine	name	0	ignore	Items/Weapons/AKM/AKM_Magazine	tres					inventory		Mag.					
Items	Weapons/AKM_Magazine	name	0	ignore	Items/Weapons/AKM/AKM_Magazine	tres					rotated		Mag.					
Items	Weapons/AKM_Magazine	name	0	ignore	Items/Weapons/AKM/AKM_Magazine	tres					equipment		Mag.					
Items	Weapons/AKM_Magazine	name	0	ignore	Items/Weapons/AKM/AKM_Magazine	tres					display		Mag.					
Items	Weapons/AKM_Magazine	type	0	ignore	Items/Weapons/AKM/AKM_Magazine	tres					type		Attachment					
Items	Weapons/AKS-74U	name	1	substr	Items/Weapons/AKS-74U/AKS-74U	tres					name		KAS-74U					
Items	Weapons/AKS-74U	name	1	ignore	Items/Weapons/AKS-74U/AKS-74U	tres					inventory		KAS-74U					
Items	Weapons/AKS-74U	name	1	ignore	Items/Weapons/AKS-74U/AKS-74U	tres					rotated		KAS-74U					
Items	Weapons/AKS-74U	name	1	ignore	Items/Weapons/AKS-74U/AKS-74U	tres					equipment		KAS-74U					
Items	Weapons/AKS-74U	name	1	ignore	Items/Weapons/AKS-74U/AKS-74U	tres					display		KAS-74U					
Items	Weapons/AKS-74U	type	1	ignore	Items/Weapons/AKS-74U/AKS-74U	tres					type		Weapon					
Items	Weapons/AKS-74U_Magazine	name	0	substr	Items/Weapons/AKS-74U/AKS-74U_Magazine	tres					name		KAS-74U Magazine	1972	KAS-74U 弾倉			
Items	Weapons/AKS-74U_Magazine	name	0	ignore	Items/Weapons/AKS-74U/AKS-74U_Magazine	tres					inventory		Mag.					
Items	Weapons/AKS-74U_Magazine	name	0	ignore	Items/Weapons/AKS-74U/AKS-74U_Magazine	tres					rotated		Mag.					
Items	Weapons/AKS-74U_Magazine	name	0	ignore	Items/Weapons/AKS-74U/AKS-74U_Magazine	tres					equipment		Mag.					
Items	Weapons/AKS-74U_Magazine	name	0	ignore	Items/Weapons/AKS-74U/AKS-74U_Magazine	tres					display		Mag.					
Items	Weapons/AKS-74U_Magazine	type	0	ignore	Items/Weapons/AKS-74U/AKS-74U_Magazine	tres					type		Attachment					
Items	Weapons/Colt_1911	name	1	substr	Items/Weapons/Colt_1911/Colt_1911	tres					name		C1911					
Items	Weapons/Colt_1911	name	1	ignore	Items/Weapons/Colt_1911/Colt_1911	tres					inventory		C1911					
Items	Weapons/Colt_1911	name	1	ignore	Items/Weapons/Colt_1911/Colt_1911	tres					rotated		C1911					
Items	Weapons/Colt_1911	name	1	ignore	Items/Weapons/Colt_1911/Colt_1911	tres					equipment		C1911					
Items	Weapons/Colt_1911	name	1	ignore	Items/Weapons/Colt_1911/Colt_1911	tres					display		C1911					
Items	Weapons/Colt_1911	type	1	ignore	Items/Weapons/Colt_1911/Colt_1911	tres					type		Weapon					
Items	Weapons/Colt_1911_Magazine	name	0	substr	Items/Weapons/Colt_1911/Colt_1911_Magazine	tres					name		C1911 Magazine	1974	C1911マガジン			
Items	Weapons/Colt_1911_Magazine	name	0	ignore	Items/Weapons/Colt_1911/Colt_1911_Magazine	tres					inventory		Mag.					
Items	Weapons/Colt_1911_Magazine	name	0	ignore	Items/Weapons/Colt_1911/Colt_1911_Magazine	tres					rotated		Mag.					
Items	Weapons/Colt_1911_Magazine	name	0	ignore	Items/Weapons/Colt_1911/Colt_1911_Magazine	tres					equipment		Mag.					
Items	Weapons/Colt_1911_Magazine	name	0	ignore	Items/Weapons/Colt_1911/Colt_1911_Magazine	tres					display		Mag.					
Items	Weapons/Colt_1911_Magazine	type	0	ignore	Items/Weapons/Colt_1911/Colt_1911_Magazine	tres					type		Attachment					
Items	Weapons/Glock_17	name	1	substr	Items/Weapons/Glock_17/Glock_17	tres					name		G7					
Items	Weapons/Glock_17	name	1	ignore	Items/Weapons/Glock_17/Glock_17	tres					inventory		G7					
Items	Weapons/Glock_17	name	1	ignore	Items/Weapons/Glock_17/Glock_17	tres					rotated		G7					
Items	Weapons/Glock_17	name	1	ignore	Items/Weapons/Glock_17/Glock_17	tres					equipment		G7					
Items	Weapons/Glock_17	name	1	ignore	Items/Weapons/Glock_17/Glock_17	tres					display		G7					
Items	Weapons/Glock_17	type	1	ignore	Items/Weapons/Glock_17/Glock_17	tres					type		Weapon					
Items	Weapons/Glock_17_Magazine	name	0	substr	Items/Weapons/Glock_17/Glock_17_Magazine	tres					name		G7 Magazine	1976	G7マガジン			
Items	Weapons/Glock_17_Magazine	name	0	ignore	Items/Weapons/Glock_17/Glock_17_Magazine	tres					inventory		Mag.					
Items	Weapons/Glock_17_Magazine	name	0	ignore	Items/Weapons/Glock_17/Glock_17_Magazine	tres					rotated		Mag.					
Items	Weapons/Glock_17_Magazine	name	0	ignore	Items/Weapons/Glock_17/Glock_17_Magazine	tres					equipment		Mag.					
Items	Weapons/Glock_17_Magazine	name	0	ignore	Items/Weapons/Glock_17/Glock_17_Magazine	tres					display		Mag.					
Items	Weapons/Glock_17_Magazine	type	0	ignore	Items/Weapons/Glock_17/Glock_17_Magazine	tres					type		Attachment					
Items	Weapons/HK416	name	1	substr	Items/Weapons/HK416/HK416	tres					name		K416					
Items	Weapons/HK416	name	1	ignore	Items/Weapons/HK416/HK416	tres					inventory		K416					
Items	Weapons/HK416	name	1	ignore	Items/Weapons/HK416/HK416	tres					rotated		K416					
Items	Weapons/HK416	name	1	ignore	Items/Weapons/HK416/HK416	tres					equipment		K416					
Items	Weapons/HK416	name	1	ignore	Items/Weapons/HK416/HK416	tres					display		K416					
Items	Weapons/HK416	type	1	ignore	Items/Weapons/HK416/HK416	tres					type		Weapon					
Items	Weapons/KAR-21_223	name	1	substr	Items/Weapons/KAR-21/KAR-21_223	tres					name		KAR-21 (.223)					
Items	Weapons/KAR-21_223	name	1	ignore	Items/Weapons/KAR-21/KAR-21_223	tres					inventory		KAR-21 (.223)					
Items	Weapons/KAR-21_223	name	1	ignore	Items/Weapons/KAR-21/KAR-21_223	tres					rotated		KAR-21 (.223)					
Items	Weapons/KAR-21_223	name	1	ignore	Items/Weapons/KAR-21/KAR-21_223	tres					equipment		KAR-21 (.223)					
Items	Weapons/KAR-21_223	name	1	ignore	Items/Weapons/KAR-21/KAR-21_223	tres					display		KAR-21					
Items	Weapons/KAR-21_223	type	1	ignore	Items/Weapons/KAR-21/KAR-21_223	tres					type		Weapon					
Items	Weapons/KAR-21_223_Magazine	name	0	substr	Items/Weapons/KAR-21/KAR-21_223_Magazine	tres					name		KAR-21 Magazine (.223)	1978	KAR-21 弾倉（.223）			
Items	Weapons/KAR-21_223_Magazine	name	0	ignore	Items/Weapons/KAR-21/KAR-21_223_Magazine	tres					inventory		Mag.					
Items	Weapons/KAR-21_223_Magazine	name	0	ignore	Items/Weapons/KAR-21/KAR-21_223_Magazine	tres					rotated		Mag.					
Items	Weapons/KAR-21_223_Magazine	name	0	ignore	Items/Weapons/KAR-21/KAR-21_223_Magazine	tres					equipment		Mag.					
Items	Weapons/KAR-21_223_Magazine	name	0	ignore	Items/Weapons/KAR-21/KAR-21_223_Magazine	tres					display		Mag.					
Items	Weapons/KAR-21_223_Magazine	type	0	ignore	Items/Weapons/KAR-21/KAR-21_223_Magazine	tres					type		Attachment					
Items	Weapons/KAR-21_308	name	1	substr	Items/Weapons/KAR-21/KAR-21_308	tres					name		KAR-21 (.308)					
Items	Weapons/KAR-21_308	name	1	ignore	Items/Weapons/KAR-21/KAR-21_308	tres					inventory		KAR-21 (.308)					
Items	Weapons/KAR-21_308	name	1	ignore	Items/Weapons/KAR-21/KAR-21_308	tres					rotated		KAR-21 (.308)					
Items	Weapons/KAR-21_308	name	1	ignore	Items/Weapons/KAR-21/KAR-21_308	tres					equipment		KAR-21 (.308)					
Items	Weapons/KAR-21_308	name	1	substr	Items/Weapons/KAR-21/KAR-21_308	tres					display		KAR-21					
Items	Weapons/KAR-21_308	type	1	ignore	Items/Weapons/KAR-21/KAR-21_308	tres					type		Weapon					
Items	Weapons/KAR-21_308_Magazine	name	0	substr	Items/Weapons/KAR-21/KAR-21_308_Magazine	tres					name		KAR-21 Magazine (.308)	1980	KAR-21 弾倉（.308）			
Items	Weapons/KAR-21_308_Magazine	name	0	ignore	Items/Weapons/KAR-21/KAR-21_308_Magazine	tres					inventory		Mag.					
Items	Weapons/KAR-21_308_Magazine	name	0	ignore	Items/Weapons/KAR-21/KAR-21_308_Magazine	tres					rotated		Mag.					
Items	Weapons/KAR-21_308_Magazine	name	0	ignore	Items/Weapons/KAR-21/KAR-21_308_Magazine	tres					equipment		Mag.					
Items	Weapons/KAR-21_308_Magazine	name	0	ignore	Items/Weapons/KAR-21/KAR-21_308_Magazine	tres					display		Mag.					
Items	Weapons/KAR-21_308_Magazine	type	0	ignore	Items/Weapons/KAR-21/KAR-21_308_Magazine	tres					type		Attachment					
Items	Weapons/KAR-21_Barrel	name	0	substr	Items/Weapons/KAR-21/KAR-21_Barrel	tres					name		KAR-21 Barrel (.308)	1982	KAR-21 銃身（.308）			
Items	Weapons/KAR-21_Barrel	name	0	substr	Items/Weapons/KAR-21/KAR-21_Barrel	tres					inventory		KAR-21 Barrel	1984	KAR-21 銃身			
Items	Weapons/KAR-21_Barrel	name	0	substr	Items/Weapons/KAR-21/KAR-21_Barrel	tres					rotated		Barrel	1986	樽			
Items	Weapons/KAR-21_Barrel	name	0	ignore	Items/Weapons/KAR-21/KAR-21_Barrel	tres					equipment		Barrel					
Items	Weapons/KAR-21_Barrel	name	0	ignore	Items/Weapons/KAR-21/KAR-21_Barrel	tres					display		Barrel					
Items	Weapons/KAR-21_Barrel	type	0	ignore	Items/Weapons/KAR-21/KAR-21_Barrel	tres					display		Attachment					
Items	Weapons/KP-31	name	1	substr	Items/Weapons/KP-31/KP-31	tres					name		KP-31					
Items	Weapons/KP-31	name	1	ignore	Items/Weapons/KP-31/KP-31	tres					inventory		KP-31					
Items	Weapons/KP-31	name	1	ignore	Items/Weapons/KP-31/KP-31	tres					rotated		KP-31					
Items	Weapons/KP-31	name	1	ignore	Items/Weapons/KP-31/KP-31	tres					equipment		KP-31					
Items	Weapons/KP-31	name	1	ignore	Items/Weapons/KP-31/KP-31	tres					display		KP-31					
Items	Weapons/KP-31	type	1	ignore	Items/Weapons/KP-31/KP-31	tres					type		Weapon					
Items	Weapons/KP-31_Drum	name	0	substr	Items/Weapons/KP-31/KP-31_Drum	tres					name		KP-31 Drum	1988	KP-31ドラム			
Items	Weapons/KP-31_Drum	name	0	ignore	Items/Weapons/KP-31/KP-31_Drum	tres					inventory		KP-31 Drum					
Items	Weapons/KP-31_Drum	name	0	ignore	Items/Weapons/KP-31/KP-31_Drum	tres					rotated		KP-31 Drum					
Items	Weapons/KP-31_Drum	name	0	ignore	Items/Weapons/KP-31/KP-31_Drum	tres					equipment		KP-31 Drum					
Items	Weapons/KP-31_Drum	name	0	substr	Items/Weapons/KP-31/KP-31_Drum	tres					display		Drum	1990	ドラム			
Items	Weapons/KP-31_Drum	type	0	ignore	Items/Weapons/KP-31/KP-31_Drum	tres					type		Attachment					
Items	Weapons/M4A1	name	1	substr	Items/Weapons/M4A1/M4A1	tres					name		M4A1					
Items	Weapons/M4A1	name	1	ignore	Items/Weapons/M4A1/M4A1	tres					inventory		M4A1					
Items	Weapons/M4A1	name	1	ignore	Items/Weapons/M4A1/M4A1	tres					rotated		M4A1					
Items	Weapons/M4A1	name	1	ignore	Items/Weapons/M4A1/M4A1	tres					equipment		M4A1					
Items	Weapons/M4A1	name	1	ignore	Items/Weapons/M4A1/M4A1	tres					display		M4A1					
Items	Weapons/M4A1	type	1	ignore	Items/Weapons/M4A1/M4A1	tres					type		Weapon					
Items	Weapons/STANAG_Magazine	name	0	substr	Items/Weapons/M4A1/STANAG_Magazine	tres					name		STANAG Magazine	1992	STANAGマガジン			
Items	Weapons/STANAG_Magazine	name	0	ignore	Items/Weapons/M4A1/STANAG_Magazine	tres					inventory		Mag.					
Items	Weapons/STANAG_Magazine	name	0	ignore	Items/Weapons/M4A1/STANAG_Magazine	tres					rotated		Mag.					
Items	Weapons/STANAG_Magazine	name	0	ignore	Items/Weapons/M4A1/STANAG_Magazine	tres					equipment		Mag.					
Items	Weapons/STANAG_Magazine	name	0	ignore	Items/Weapons/M4A1/STANAG_Magazine	tres					display		Mag.					
Items	Weapons/STANAG_Magazine	type	0	ignore	Items/Weapons/M4A1/STANAG_Magazine	tres					type		Attachment					
Items	Weapons/M78	name	1	substr	Items/Weapons/M78/M78	tres					name		M78					
Items	Weapons/M78	name	1	ignore	Items/Weapons/M78/M78	tres					inventory		M78					
Items	Weapons/M78	name	1	ignore	Items/Weapons/M78/M78	tres					rotated		M78					
Items	Weapons/M78	name	1	ignore	Items/Weapons/M78/M78	tres					equipment		M78					
Items	Weapons/M78	name	1	ignore	Items/Weapons/M78/M78	tres					display		M78					
Items	Weapons/M78	type	1	ignore	Items/Weapons/M78/M78	tres					type		Weapon					
Items	Weapons/M78_Magazine	name	0	substr	Items/Weapons/M78/M78_Magazine	tres					name		M78 Magazine	1994	M78マガジン			
Items	Weapons/M78_Magazine	name	0	ignore	Items/Weapons/M78/M78_Magazine	tres					inventory		Mag.					
Items	Weapons/M78_Magazine	name	0	ignore	Items/Weapons/M78/M78_Magazine	tres					rotated		Mag.					
Items	Weapons/M78_Magazine	name	0	ignore	Items/Weapons/M78/M78_Magazine	tres					equipment		Mag.					
Items	Weapons/M78_Magazine	name	0	ignore	Items/Weapons/M78/M78_Magazine	tres					display		Mag.					
Items	Weapons/M78_Magazine	type	0	ignore	Items/Weapons/M78/M78_Magazine	tres					type		Attachment					
Items	Weapons/Makarov	name	0	substr	Items/Weapons/Makarov/Makarov	tres					name		Karov	1996	カロフ			
Items	Weapons/Makarov	name	0	ignore	Items/Weapons/Makarov/Makarov	tres					inventory		Karov					
Items	Weapons/Makarov	name	0	ignore	Items/Weapons/Makarov/Makarov	tres					rotated		Karov					
Items	Weapons/Makarov	name	0	ignore	Items/Weapons/Makarov/Makarov	tres					equipment		Karov					
Items	Weapons/Makarov	name	0	ignore	Items/Weapons/Makarov/Makarov	tres					display		Karov					
Items	Weapons/Makarov	type	0	ignore	Items/Weapons/Makarov/Makarov	tres					type		Weapon					
Items	Weapons/Makarov_Magazine	name	0	substr	Items/Weapons/Makarov/Makarov_Magazine	tres					name		Karov Magazine	1998	カロフ・マガジン			
Items	Weapons/Makarov_Magazine	name	0	ignore	Items/Weapons/Makarov/Makarov_Magazine	tres					inventory		Mag.					
Items	Weapons/Makarov_Magazine	name	0	ignore	Items/Weapons/Makarov/Makarov_Magazine	tres					rotated		Mag.					
Items	Weapons/Makarov_Magazine	name	0	ignore	Items/Weapons/Makarov/Makarov_Magazine	tres					equipment		Mag.					
Items	Weapons/Makarov_Magazine	name	0	ignore	Items/Weapons/Makarov/Makarov_Magazine	tres					display		Mag.					
Items	Weapons/Makarov_Magazine	type	0	ignore	Items/Weapons/Makarov/Makarov_Magazine	tres					type		Attachment					
Items	Weapons/MK18	name	1	substr	Items/Weapons/MK18/MK18	tres					name		KM18					
Items	Weapons/MK18	name	1	ignore	Items/Weapons/MK18/MK18	tres					inventory		KM18					
Items	Weapons/MK18	name	1	ignore	Items/Weapons/MK18/MK18	tres					rotated		KM18					
Items	Weapons/MK18	name	1	ignore	Items/Weapons/MK18/MK18	tres					equipment		KM18					
Items	Weapons/MK18	name	1	ignore	Items/Weapons/MK18/MK18	tres					display		KM18					
Items	Weapons/MK18	type	1	ignore	Items/Weapons/MK18/MK18	tres					type		Weapon					
Items	Weapons/Mosin	name	0	substr	Items/Weapons/Mosin/Mosin	tres					name		Mosin	2000	モシン			
Items	Weapons/Mosin	name	1	ignore	Items/Weapons/Mosin/Mosin	tres					inventory		Mosin					
Items	Weapons/Mosin	name	1	ignore	Items/Weapons/Mosin/Mosin	tres					rotated		Mosin					
Items	Weapons/Mosin	name	1	ignore	Items/Weapons/Mosin/Mosin	tres					equipment		Mosin					
Items	Weapons/Mosin	name	1	ignore	Items/Weapons/Mosin/Mosin	tres					display		Mosin					
Items	Weapons/Mosin	type	1	ignore	Items/Weapons/Mosin/Mosin	tres					type		Weapon					
Items	Weapons/MP5	name	1	substr	Items/Weapons/MP5/MP5	tres					name		PM5					
Items	Weapons/MP5	name	1	ignore	Items/Weapons/MP5/MP5	tres					inventory		PM5					
Items	Weapons/MP5	name	1	ignore	Items/Weapons/MP5/MP5	tres					rotated		PM5					
Items	Weapons/MP5	name	1	ignore	Items/Weapons/MP5/MP5	tres					equipment		PM5					
Items	Weapons/MP5	name	1	ignore	Items/Weapons/MP5/MP5	tres					display		PM5					
Items	Weapons/MP5	type	1	ignore	Items/Weapons/MP5/MP5	tres					type		Weapon					
Items	Weapons/MP5_Magazine	name	0	substr	Items/Weapons/MP5/MP5_Magazine	tres					name		PM5 Magazine	2002	PM5マガジン			
Items	Weapons/MP5_Magazine	name	0	ignore	Items/Weapons/MP5/MP5_Magazine	tres					inventory		Mag.					
Items	Weapons/MP5_Magazine	name	0	ignore	Items/Weapons/MP5/MP5_Magazine	tres					rotated		Mag.					
Items	Weapons/MP5_Magazine	name	0	ignore	Items/Weapons/MP5/MP5_Magazine	tres					equipment		Mag.					
Items	Weapons/MP5_Magazine	name	0	ignore	Items/Weapons/MP5/MP5_Magazine	tres					display		Mag.					
Items	Weapons/MP5_Magazine	type	0	ignore	Items/Weapons/MP5/MP5_Magazine	tres					type		Attachment					
Items	Weapons/MP5K	name	1	substr	Items/Weapons/MP5K/MP5K	tres					name		PM5-K					
Items	Weapons/MP5K	name	1	ignore	Items/Weapons/MP5K/MP5K	tres					inventory		PM5-K					
Items	Weapons/MP5K	name	1	ignore	Items/Weapons/MP5K/MP5K	tres					rotated		PM5-K					
Items	Weapons/MP5K	name	1	ignore	Items/Weapons/MP5K/MP5K	tres					equipment		PM5-K					
Items	Weapons/MP5K	name	1	ignore	Items/Weapons/MP5K/MP5K	tres					display		PM5-K					
Items	Weapons/MP5K	type	1	ignore	Items/Weapons/MP5K/MP5K	tres					type		Weapon					
Items	Weapons/MP5SD	name	1	substr	Items/Weapons/MP5SD/MP5SD	tres					name		PM5-SD					
Items	Weapons/MP5SD	name	1	ignore	Items/Weapons/MP5SD/MP5SD	tres					inventory		PM5-SD					
Items	Weapons/MP5SD	name	1	ignore	Items/Weapons/MP5SD/MP5SD	tres					rotated		PM5-SD					
Items	Weapons/MP5SD	name	1	ignore	Items/Weapons/MP5SD/MP5SD	tres					equipment		PM5-SD					
Items	Weapons/MP5SD	name	1	ignore	Items/Weapons/MP5SD/MP5SD	tres					display		PM5-SD					
Items	Weapons/MP5SD	type	1	ignore	Items/Weapons/MP5SD/MP5SD	tres					type		Weapon					
Items	Weapons/MP7	name	1	substr	Items/Weapons/MP7/MP7	tres					name		PM7					
Items	Weapons/MP7	name	1	ignore	Items/Weapons/MP7/MP7	tres					inventory		PM7					
Items	Weapons/MP7	name	1	ignore	Items/Weapons/MP7/MP7	tres					rotated		PM7					
Items	Weapons/MP7	name	1	ignore	Items/Weapons/MP7/MP7	tres					equipment		PM7					
Items	Weapons/MP7	name	1	ignore	Items/Weapons/MP7/MP7	tres					display		PM7					
Items	Weapons/MP7	type	1	ignore	Items/Weapons/MP7/MP7	tres					type		Weapon					
Items	Weapons/MP7_Magazine	name	0	substr	Items/Weapons/MP7/MP7_Magazine	tres					name		MP7 Magazine	2004	MP7 マガジン			
Items	Weapons/MP7_Magazine	name	0	ignore	Items/Weapons/MP7/MP7_Magazine	tres					inventory		Mag.					
Items	Weapons/MP7_Magazine	name	0	ignore	Items/Weapons/MP7/MP7_Magazine	tres					rotated		Mag.					
Items	Weapons/MP7_Magazine	name	0	ignore	Items/Weapons/MP7/MP7_Magazine	tres					equipment		Mag.					
Items	Weapons/MP7_Magazine	name	0	ignore	Items/Weapons/MP7/MP7_Magazine	tres					display		Mag.					
Items	Weapons/MP7_Magazine	type	0	ignore	Items/Weapons/MP7/MP7_Magazine	tres					type		Attachment					
Items	Weapons/P320	name	1	substr	Items/Weapons/P320/P320	tres					name		P3					
Items	Weapons/P320	name	1	ignore	Items/Weapons/P320/P320	tres					inventory		P3					
Items	Weapons/P320	name	1	ignore	Items/Weapons/P320/P320	tres					rotated		P3					
Items	Weapons/P320	name	1	ignore	Items/Weapons/P320/P320	tres					equipment		P3					
Items	Weapons/P320	name	1	ignore	Items/Weapons/P320/P320	tres					display		P3					
Items	Weapons/P320	type	1	ignore	Items/Weapons/P320/P320	tres					type		Weapon					
Items	Weapons/P320_Magazine	name	0	substr	Items/Weapons/P320/P320_Magazine	tres					name		P3 Magazine	2006	P3マガジン			
Items	Weapons/P320_Magazine	name	0	ignore	Items/Weapons/P320/P320_Magazine	tres					inventory		Mag.					
Items	Weapons/P320_Magazine	name	0	ignore	Items/Weapons/P320/P320_Magazine	tres					rotated		Mag.					
Items	Weapons/P320_Magazine	name	0	ignore	Items/Weapons/P320/P320_Magazine	tres					equipment		Mag.					
Items	Weapons/P320_Magazine	name	0	ignore	Items/Weapons/P320/P320_Magazine	tres					display		Mag.					
Items	Weapons/P320_Magazine	type	0	ignore	Items/Weapons/P320/P320_Magazine	tres					type		Attachment					
Items	Weapons/Remington_870	name	1	substr	Items/Weapons/Remington_870/Remington_870	tres					name		RM-870					
Items	Weapons/Remington_870	name	1	ignore	Items/Weapons/Remington_870/Remington_870	tres					inventory		RM-870					
Items	Weapons/Remington_870	name	1	ignore	Items/Weapons/Remington_870/Remington_870	tres					rotated		RM-870					
Items	Weapons/Remington_870	name	1	ignore	Items/Weapons/Remington_870/Remington_870	tres					equipment		RM-870					
Items	Weapons/Remington_870	name	1	ignore	Items/Weapons/Remington_870/Remington_870	tres					display		RM-870					
Items	Weapons/Remington_870	type	1	ignore	Items/Weapons/Remington_870/Remington_870	tres					type		Weapon					
Items	Weapons/RK-62	name	1	substr	Items/Weapons/RK-62/RK-62	tres					name		RK-62					
Items	Weapons/RK-62	name	1	ignore	Items/Weapons/RK-62/RK-62	tres					inventory		RK-62					
Items	Weapons/RK-62	name	1	ignore	Items/Weapons/RK-62/RK-62	tres					rotated		RK-62					
Items	Weapons/RK-62	name	1	ignore	Items/Weapons/RK-62/RK-62	tres					equipment		RK-62					
Items	Weapons/RK-62	name	1	ignore	Items/Weapons/RK-62/RK-62	tres					display		RK-62					
Items	Weapons/RK-62	type	1	ignore	Items/Weapons/RK-62/RK-62	tres					type		Weapon					
Items	Weapons/RK-62M	name	1	substr	Items/Weapons/RK-62/RK-62M	tres					name		RK-62M					
Items	Weapons/RK-62M	name	1	ignore	Items/Weapons/RK-62/RK-62M	tres					inventory		RK-62M					
Items	Weapons/RK-62M	name	1	ignore	Items/Weapons/RK-62/RK-62M	tres					rotated		RK-62M					
Items	Weapons/RK-62M	name	1	ignore	Items/Weapons/RK-62/RK-62M	tres					equipment		RK-62M					
Items	Weapons/RK-62M	name	1	ignore	Items/Weapons/RK-62/RK-62M	tres					display		RK-62M					
Items	Weapons/RK-62M	type	1	ignore	Items/Weapons/RK-62/RK-62M	tres					type		Weapon					
Items	Weapons/RK_Magazine	name	0	substr	Items/Weapons/RK-62/RK_Magazine	tres					name		RK Magazine	2008	RKマガジン			
Items	Weapons/RK_Magazine	name	0	ignore	Items/Weapons/RK-62/RK_Magazine	tres					inventory		Mag.					
Items	Weapons/RK_Magazine	name	0	ignore	Items/Weapons/RK-62/RK_Magazine	tres					rotated		Mag.					
Items	Weapons/RK_Magazine	name	0	ignore	Items/Weapons/RK-62/RK_Magazine	tres					equipment		Mag.					
Items	Weapons/RK_Magazine	name	0	ignore	Items/Weapons/RK-62/RK_Magazine	tres					display		Mag.					
Items	Weapons/RK_Magazine	type	0	ignore	Items/Weapons/RK-62/RK_Magazine	tres					type		Attachment					
Items	Weapons/RK-95	name	1	substr	Items/Weapons/RK-95/RK-95	tres					name		RK-95					
Items	Weapons/RK-95	name	1	ignore	Items/Weapons/RK-95/RK-95	tres					inventory		RK-95					
Items	Weapons/RK-95	name	1	ignore	Items/Weapons/RK-95/RK-95	tres					rotated		RK-95					
Items	Weapons/RK-95	name	1	ignore	Items/Weapons/RK-95/RK-95	tres					equipment		RK-95					
Items	Weapons/RK-95	name	1	ignore	Items/Weapons/RK-95/RK-95	tres					display		RK-95					
Items	Weapons/RK-95	type	1	ignore	Items/Weapons/RK-95/RK-95	tres					type		Weapon					
Items	Weapons/SVD	name	1	substr	Items/Weapons/SVD/SVD	tres					name		VSD					
Items	Weapons/SVD	name	1	ignore	Items/Weapons/SVD/SVD	tres					inventory		VSD					
Items	Weapons/SVD	name	1	ignore	Items/Weapons/SVD/SVD	tres					rotated		VSD					
Items	Weapons/SVD	name	1	ignore	Items/Weapons/SVD/SVD	tres					equipment		VSD					
Items	Weapons/SVD	name	1	ignore	Items/Weapons/SVD/SVD	tres					display		VSD					
Items	Weapons/SVD	type	1	ignore	Items/Weapons/SVD/SVD	tres					type		Weapon					
Items	Weapons/SVD_Magazine	name	0	substr	Items/Weapons/SVD/SVD_Magazine	tres					name		VSD Magazine	2010	VSDマガジン			
Items	Weapons/SVD_Magazine	name	0	ignore	Items/Weapons/SVD/SVD_Magazine	tres					inventory		Mag.					
Items	Weapons/SVD_Magazine	name	0	ignore	Items/Weapons/SVD/SVD_Magazine	tres					rotated		Mag.					
Items	Weapons/SVD_Magazine	name	0	ignore	Items/Weapons/SVD/SVD_Magazine	tres					equipment		Mag.					
Items	Weapons/SVD_Magazine	name	0	ignore	Items/Weapons/SVD/SVD_Magazine	tres					display		Mag.					
Items	Weapons/SVD_Magazine	type	0	ignore	Items/Weapons/SVD/SVD_Magazine	tres					type		Attachment					
Items	Weapons/VSS	name	1	substr	Items/Weapons/VSS/VSS	tres					name		SSV					
Items	Weapons/VSS	name	1	ignore	Items/Weapons/VSS/VSS	tres					inventory		SSV					
Items	Weapons/VSS	name	1	ignore	Items/Weapons/VSS/VSS	tres					rotated		SSV					
Items	Weapons/VSS	name	1	ignore	Items/Weapons/VSS/VSS	tres					equipment		SSV					
Items	Weapons/VSS	name	1	ignore	Items/Weapons/VSS/VSS	tres					display		SSV					
Items	Weapons/VSS	type	1	ignore	Items/Weapons/VSS/VSS	tres					type		Weapon					
Items	Weapons/VSS_Magazine	name	0	substr	Items/Weapons/VSS/VSS_Magazine	tres					name		SS Magazine	2012	SSマガジン			
Items	Weapons/VSS_Magazine	name	0	ignore	Items/Weapons/VSS/VSS_Magazine	tres					inventory		Mag.					
Items	Weapons/VSS_Magazine	name	0	ignore	Items/Weapons/VSS/VSS_Magazine	tres					rotated		Mag.					
Items	Weapons/VSS_Magazine	name	0	ignore	Items/Weapons/VSS/VSS_Magazine	tres					equipment		Mag.					
Items	Weapons/VSS_Magazine	name	0	ignore	Items/Weapons/VSS/VSS_Magazine	tres					display		Mag.					
Items	Weapons/VSS_Magazine	type	0	ignore	Items/Weapons/VSS/VSS_Magazine	tres					type		Attachment					
Items	Ammo	type	0	substr									Ammo	2014	弾薬			
Items	Ammo/Ammo_12x70	name	1	substr	Items/Ammo/Ammo_12x70/Ammo_12x70	tres					name		12/70					
Items	Ammo/Ammo_12x70	name	1	ignore	Items/Ammo/Ammo_12x70/Ammo_12x70	tres					inventory		12/70					
Items	Ammo/Ammo_12x70	name	1	ignore	Items/Ammo/Ammo_12x70/Ammo_12x70	tres					rotated		12/70					
Items	Ammo/Ammo_12x70	name	1	ignore	Items/Ammo/Ammo_12x70/Ammo_12x70	tres					equipment		12/70					
Items	Ammo/Ammo_12x70	name	1	ignore	Items/Ammo/Ammo_12x70/Ammo_12x70	tres					display		12/70					
Items	Ammo/Ammo_12x70	type	0	ignore	Items/Ammo/Ammo_12x70/Ammo_12x70	tres					type		Ammo					
Items	Ammo/Ammo_223	name	1	substr	Items/Ammo/Ammo_223/Ammo_223	tres					name		.223					
Items	Ammo/Ammo_223	name	1	ignore	Items/Ammo/Ammo_223/Ammo_223	tres					inventory		.223					
Items	Ammo/Ammo_223	name	1	ignore	Items/Ammo/Ammo_223/Ammo_223	tres					rotated		.223					
Items	Ammo/Ammo_223	name	1	ignore	Items/Ammo/Ammo_223/Ammo_223	tres					equipment		.223					
Items	Ammo/Ammo_223	name	1	ignore	Items/Ammo/Ammo_223/Ammo_223	tres					display		.223					
Items	Ammo/Ammo_223	type	0	ignore	Items/Ammo/Ammo_223/Ammo_223	tres					type		Ammo					
Items	Ammo/Ammo_308	name	1	substr	Items/Ammo/Ammo_308/Ammo_308	tres					name		.308					
Items	Ammo/Ammo_308	name	1	ignore	Items/Ammo/Ammo_308/Ammo_308	tres					inventory		.308					
Items	Ammo/Ammo_308	name	1	ignore	Items/Ammo/Ammo_308/Ammo_308	tres					rotated		.308					
Items	Ammo/Ammo_308	name	1	ignore	Items/Ammo/Ammo_308/Ammo_308	tres					equipment		.308					
Items	Ammo/Ammo_308	name	1	ignore	Items/Ammo/Ammo_308/Ammo_308	tres					display		.308					
Items	Ammo/Ammo_308	type	0	ignore	Items/Ammo/Ammo_308/Ammo_308	tres					type		Ammo					
Items	Ammo/Ammo_45ACP	name	1	substr	Items/Ammo/Ammo_45ACP/Ammo_45ACP	tres					name		.45 ACP					
Items	Ammo/Ammo_45ACP	name	1	substr	Items/Ammo/Ammo_45ACP/Ammo_45ACP	tres					inventory		.45					
Items	Ammo/Ammo_45ACP	name	1	ignore	Items/Ammo/Ammo_45ACP/Ammo_45ACP	tres					rotated		.45					
Items	Ammo/Ammo_45ACP	name	1	ignore	Items/Ammo/Ammo_45ACP/Ammo_45ACP	tres					equipment		.45					
Items	Ammo/Ammo_45ACP	name	1	ignore	Items/Ammo/Ammo_45ACP/Ammo_45ACP	tres					display		.45					
Items	Ammo/Ammo_45ACP	type	0	ignore	Items/Ammo/Ammo_45ACP/Ammo_45ACP	tres					type		Ammo					
Items	Ammo/Ammo_46x30	name	1	substr	Items/Ammo/Ammo_46x30/Ammo_46x30	tres					name		4.6x30					
Items	Ammo/Ammo_46x30	name	1	substr	Items/Ammo/Ammo_46x30/Ammo_46x30	tres					inventory		4.6					
Items	Ammo/Ammo_46x30	name	1	ignore	Items/Ammo/Ammo_46x30/Ammo_46x30	tres					rotated		4.6					
Items	Ammo/Ammo_46x30	name	1	ignore	Items/Ammo/Ammo_46x30/Ammo_46x30	tres					equipment		4.6					
Items	Ammo/Ammo_46x30	name	1	ignore	Items/Ammo/Ammo_46x30/Ammo_46x30	tres					display		4.6					
Items	Ammo/Ammo_46x30	type	0	ignore	Items/Ammo/Ammo_46x30/Ammo_46x30	tres					type		Ammo					
Items	Ammo/Ammo_545x39	name	1	substr	Items/Ammo/Ammo_545x39/Ammo_545x39	tres					name		5.45x39					
Items	Ammo/Ammo_545x39	name	1	substr	Items/Ammo/Ammo_545x39/Ammo_545x39	tres					inventory		5.45					
Items	Ammo/Ammo_545x39	name	1	ignore	Items/Ammo/Ammo_545x39/Ammo_545x39	tres					rotated		5.45					
Items	Ammo/Ammo_545x39	name	1	ignore	Items/Ammo/Ammo_545x39/Ammo_545x39	tres					equipment		5.45					
Items	Ammo/Ammo_545x39	name	1	ignore	Items/Ammo/Ammo_545x39/Ammo_545x39	tres					display		5.45					
Items	Ammo/Ammo_545x39	type	0	ignore	Items/Ammo/Ammo_545x39/Ammo_545x39	tres					type		Ammo					
Items	Ammo/Ammo_762x39	name	1	substr	Items/Ammo/Ammo_762x39/Ammo_762x39	tres					name		7.62x39					
Items	Ammo/Ammo_762x39	name	1	substr	Items/Ammo/Ammo_762x39/Ammo_762x39	tres					inventory		7.62					
Items	Ammo/Ammo_762x39	name	1	ignore	Items/Ammo/Ammo_762x39/Ammo_762x39	tres					rotated		7.62					
Items	Ammo/Ammo_762x39	name	1	ignore	Items/Ammo/Ammo_762x39/Ammo_762x39	tres					equipment		7.62					
Items	Ammo/Ammo_762x39	name	1	ignore	Items/Ammo/Ammo_762x39/Ammo_762x39	tres					display		7.62					
Items	Ammo/Ammo_762x39	type	0	ignore	Items/Ammo/Ammo_762x39/Ammo_762x39	tres					type		Ammo					
Items	Ammo/Ammo_762x54R	name	1	substr	Items/Ammo/Ammo_762x54R/Ammo_762x54R	tres					name		7.62x54R					
Items	Ammo/Ammo_762x54R	name	1	substr	Items/Ammo/Ammo_762x54R/Ammo_762x54R	tres					inventory		7.62R					
Items	Ammo/Ammo_762x54R	name	1	ignore	Items/Ammo/Ammo_762x54R/Ammo_762x54R	tres					rotated		7.62R					
Items	Ammo/Ammo_762x54R	name	1	ignore	Items/Ammo/Ammo_762x54R/Ammo_762x54R	tres					equipment		7.62R					
Items	Ammo/Ammo_762x54R	name	1	ignore	Items/Ammo/Ammo_762x54R/Ammo_762x54R	tres					display		7.62R					
Items	Ammo/Ammo_762x54R	type	0	ignore	Items/Ammo/Ammo_762x54R/Ammo_762x54R	tres					type		Ammo					
Items	Ammo/Ammo_9x18	name	1	substr	Items/Ammo/Ammo_9x18/Ammo_9x18	tres					name		9x18					
Items	Ammo/Ammo_9x18	name	1	ignore	Items/Ammo/Ammo_9x18/Ammo_9x18	tres					inventory		9x18					
Items	Ammo/Ammo_9x18	name	1	ignore	Items/Ammo/Ammo_9x18/Ammo_9x18	tres					rotated		9x18					
Items	Ammo/Ammo_9x18	name	1	ignore	Items/Ammo/Ammo_9x18/Ammo_9x18	tres					equipment		9x18					
Items	Ammo/Ammo_9x18	name	1	ignore	Items/Ammo/Ammo_9x18/Ammo_9x18	tres					display		9x18					
Items	Ammo/Ammo_9x18	type	0	ignore	Items/Ammo/Ammo_9x18/Ammo_9x18	tres					type		Ammo					
Items	Ammo/Ammo_9x19	name	1	substr	Items/Ammo/Ammo_9x19/Ammo_9x19	tres					name		9x19					
Items	Ammo/Ammo_9x19	name	1	ignore	Items/Ammo/Ammo_9x19/Ammo_9x19	tres					inventory		9x19					
Items	Ammo/Ammo_9x19	name	1	ignore	Items/Ammo/Ammo_9x19/Ammo_9x19	tres					rotated		9x19					
Items	Ammo/Ammo_9x19	name	1	ignore	Items/Ammo/Ammo_9x19/Ammo_9x19	tres					equipment		9x19					
Items	Ammo/Ammo_9x19	name	1	ignore	Items/Ammo/Ammo_9x19/Ammo_9x19	tres					display		9x19					
Items	Ammo/Ammo_9x19	type	0	ignore	Items/Ammo/Ammo_9x19/Ammo_9x19	tres					type		Ammo					
Items	Ammo/Ammo_9x39	name	1	substr	Items/Ammo/Ammo_9x39/Ammo_9x39	tres					name		9x39					
Items	Ammo/Ammo_9x39	name	1	ignore	Items/Ammo/Ammo_9x39/Ammo_9x39	tres					inventory		9x39					
Items	Ammo/Ammo_9x39	name	1	ignore	Items/Ammo/Ammo_9x39/Ammo_9x39	tres					rotated		9x39					
Items	Ammo/Ammo_9x39	name	1	ignore	Items/Ammo/Ammo_9x39/Ammo_9x39	tres					equipment		9x39					
Items	Ammo/Ammo_9x39	name	1	ignore	Items/Ammo/Ammo_9x39/Ammo_9x39	tres					display		9x39					
Items	Ammo/Ammo_9x39	type	0	ignore	Items/Ammo/Ammo_9x39/Ammo_9x39	tres					type		Ammo					
Items	Attachments	type	0	substr									Attachment	2016	添付ファイル			
Items	Attachments/ACOG	name	1	substr	Items/Attachments/ACOG/ACOG	tres					name		ATOG					
Items	Attachments/ACOG	name	1	ignore	Items/Attachments/ACOG/ACOG	tres					inventory		ATOG					
Items	Attachments/ACOG	name	1	ignore	Items/Attachments/ACOG/ACOG	tres					rotated		ATOG					
Items	Attachments/ACOG	name	1	ignore	Items/Attachments/ACOG/ACOG	tres					equipment		ATOG					
Items	Attachments/ACOG	name	1	ignore	Items/Attachments/ACOG/ACOG	tres					display		ATOG					
Items	Attachments/ACOG	type	0	ignore	Items/Attachments/ACOG/ACOG	tres					type		Attachment					
Items	Attachments/ANPEQ	name	1	substr	Items/Attachments/ANPEQ/ANPEQ	tres					name		AN-15					
Items	Attachments/ANPEQ	name	1	ignore	Items/Attachments/ANPEQ/ANPEQ	tres					inventory		AN-15					
Items	Attachments/ANPEQ	name	1	ignore	Items/Attachments/ANPEQ/ANPEQ	tres					rotated		AN-15					
Items	Attachments/ANPEQ	name	1	ignore	Items/Attachments/ANPEQ/ANPEQ	tres					equipment		AN-15					
Items	Attachments/ANPEQ	name	1	ignore	Items/Attachments/ANPEQ/ANPEQ	tres					display		AN-15					
Items	Attachments/ANPEQ	type	0	ignore	Items/Attachments/ANPEQ/ANPEQ	tres					type		Attachment					
Items	Attachments/EXPS	name	1	substr	Items/Attachments/EXPS/EXPS	tres					name		EXP					
Items	Attachments/EXPS	name	1	ignore	Items/Attachments/EXPS/EXPS	tres					inventory		EXP					
Items	Attachments/EXPS	name	1	ignore	Items/Attachments/EXPS/EXPS	tres					rotated		EXP					
Items	Attachments/EXPS	name	1	ignore	Items/Attachments/EXPS/EXPS	tres					equipment		EXP					
Items	Attachments/EXPS	name	1	ignore	Items/Attachments/EXPS/EXPS	tres					display		EXP					
Items	Attachments/EXPS	type	0	ignore	Items/Attachments/EXPS/EXPS	tres					type		Attachment					
Items	Attachments/HMR	name	1	substr	Items/Attachments/HMR/HMR	tres					name		HMR					
Items	Attachments/HMR	name	1	ignore	Items/Attachments/HMR/HMR	tres					inventory		HMR					
Items	Attachments/HMR	name	1	ignore	Items/Attachments/HMR/HMR	tres					rotated		HMR					
Items	Attachments/HMR	name	1	ignore	Items/Attachments/HMR/HMR	tres					equipment		HMR					
Items	Attachments/HMR	name	1	ignore	Items/Attachments/HMR/HMR	tres					display		HMR					
Items	Attachments/HMR	type	0	ignore	Items/Attachments/HMR/HMR	tres					type		Attachment					
Items	Attachments/Hybrid	name	0	substr	Items/Attachments/Hybrid/Hybrid	tres					name		Hybrid	2018	ハイブリッド			
Items	Attachments/Hybrid	name	0	ignore	Items/Attachments/Hybrid/Hybrid	tres					inventory		Hybrid					
Items	Attachments/Hybrid	name	0	ignore	Items/Attachments/Hybrid/Hybrid	tres					rotated		Hybrid					
Items	Attachments/Hybrid	name	0	ignore	Items/Attachments/Hybrid/Hybrid	tres					equipment		Hybrid					
Items	Attachments/Hybrid	name	0	ignore	Items/Attachments/Hybrid/Hybrid	tres					display		Hybrid					
Items	Attachments/Hybrid	type	0	ignore	Items/Attachments/Hybrid/Hybrid	tres					type		Attachment					
Items	Attachments/Kobra	name	0	substr	Items/Attachments/Kobra/Kobra	tres					name		Kobra	2020	コブラ			
Items	Attachments/Kobra	name	0	ignore	Items/Attachments/Kobra/Kobra	tres					inventory		Kobra					
Items	Attachments/Kobra	name	0	ignore	Items/Attachments/Kobra/Kobra	tres					rotated		Kobra					
Items	Attachments/Kobra	name	0	ignore	Items/Attachments/Kobra/Kobra	tres					equipment		Kobra					
Items	Attachments/Kobra	name	0	ignore	Items/Attachments/Kobra/Kobra	tres					display		Kobra					
Items	Attachments/Kobra	type	0	ignore	Items/Attachments/Kobra/Kobra	tres					type		Attachment					
Items	Attachments/Leopard	name	0	substr	Items/Attachments/Leopard/Leopard	tres					name		Leopard	2022	ヒョウ			
Items	Attachments/Leopard	name	0	ignore	Items/Attachments/Leopard/Leopard	tres					inventory		Leopard					
Items	Attachments/Leopard	name	0	ignore	Items/Attachments/Leopard/Leopard	tres					rotated		Leopard					
Items	Attachments/Leopard	name	0	ignore	Items/Attachments/Leopard/Leopard	tres					equipment		Leopard					
Items	Attachments/Leopard	name	0	ignore	Items/Attachments/Leopard/Leopard	tres					display		Leopard					
Items	Attachments/Leopard	type	0	ignore	Items/Attachments/Leopard/Leopard	tres					type		Attachment					
Items	Attachments/Micro	name	0	substr	Items/Attachments/Micro/Micro	tres					name		Micro	2024	マイクロ			
Items	Attachments/Micro	name	0	ignore	Items/Attachments/Micro/Micro	tres					inventory		Micro					
Items	Attachments/Micro	name	0	ignore	Items/Attachments/Micro/Micro	tres					rotated		Micro					
Items	Attachments/Micro	name	0	ignore	Items/Attachments/Micro/Micro	tres					equipment		Micro					
Items	Attachments/Micro	name	0	ignore	Items/Attachments/Micro/Micro	tres					display		Micro					
Items	Attachments/Micro	type	0	ignore	Items/Attachments/Micro/Micro	tres					type		Attachment					
Items	Attachments/Monster	name	0	substr	Items/Attachments/Monster/Monster	tres					name		Monster	2026	モンスター			
Items	Attachments/Monster	name	0	ignore	Items/Attachments/Monster/Monster	tres					inventory		Monster					
Items	Attachments/Monster	name	0	ignore	Items/Attachments/Monster/Monster	tres					rotated		Monster					
Items	Attachments/Monster	name	0	ignore	Items/Attachments/Monster/Monster	tres					equipment		Monster					
Items	Attachments/Monster	name	0	ignore	Items/Attachments/Monster/Monster	tres					display		Monster					
Items	Attachments/Monster	type	0	ignore	Items/Attachments/Monster/Monster	tres					type		Attachment					
Items	Attachments/MRO	name	1	substr	Items/Attachments/MRO/MRO	tres					name		RMO					
Items	Attachments/MRO	name	1	ignore	Items/Attachments/MRO/MRO	tres					inventory		RMO					
Items	Attachments/MRO	name	1	ignore	Items/Attachments/MRO/MRO	tres					rotated		RMO					
Items	Attachments/MRO	name	1	ignore	Items/Attachments/MRO/MRO	tres					equipment		RMO					
Items	Attachments/MRO	name	1	ignore	Items/Attachments/MRO/MRO	tres					display		RMO					
Items	Attachments/MRO	type	0	ignore	Items/Attachments/MRO/MRO	tres					type		Attachment					
Items	Attachments/Navy	name	1	substr	Items/Attachments/Navy/Navy	tres					name		Navy					
Items	Attachments/Navy	name	1	ignore	Items/Attachments/Navy/Navy	tres					inventory		Navy					
Items	Attachments/Navy	name	1	ignore	Items/Attachments/Navy/Navy	tres					rotated		Navy					
Items	Attachments/Navy	name	1	ignore	Items/Attachments/Navy/Navy	tres					equipment		Navy					
Items	Attachments/Navy	name	1	ignore	Items/Attachments/Navy/Navy	tres					display		Navy					
Items	Attachments/Navy	type	0	ignore	Items/Attachments/Navy/Navy	tres					type		Attachment					
Items	Attachments/OZ5	name	1	substr	Items/Attachments/OZ5/OZ5	tres					name		OZ5					
Items	Attachments/OZ5	name	1	ignore	Items/Attachments/OZ5/OZ5	tres					inventory		OZ5					
Items	Attachments/OZ5	name	1	ignore	Items/Attachments/OZ5/OZ5	tres					rotated		OZ5					
Items	Attachments/OZ5	name	1	ignore	Items/Attachments/OZ5/OZ5	tres					equipment		OZ5					
Items	Attachments/OZ5	name	1	ignore	Items/Attachments/OZ5/OZ5	tres					display		OZ5					
Items	Attachments/OZ5	type	0	ignore	Items/Attachments/OZ5/OZ5	tres					type		Attachment					
Items	Attachments/PBS	name	1	substr	Items/Attachments/PBS/PBS	tres					name		PBS					
Items	Attachments/PBS	name	1	ignore	Items/Attachments/PBS/PBS	tres					inventory		PBS					
Items	Attachments/PBS	name	1	ignore	Items/Attachments/PBS/PBS	tres					rotated		PBS					
Items	Attachments/PBS	name	1	ignore	Items/Attachments/PBS/PBS	tres					equipment		PBS					
Items	Attachments/PBS	name	1	ignore	Items/Attachments/PBS/PBS	tres					display		PBS					
Items	Attachments/PBS	type	0	ignore	Items/Attachments/PBS/PBS	tres					type		Attachment					
Items	Attachments/POSP	name	1	substr	Items/Attachments/POSP/POSP	tres					name		POSP					
Items	Attachments/POSP	name	1	ignore	Items/Attachments/POSP/POSP	tres					inventory		POSP					
Items	Attachments/POSP	name	1	ignore	Items/Attachments/POSP/POSP	tres					rotated		POSP					
Items	Attachments/POSP	name	1	ignore	Items/Attachments/POSP/POSP	tres					equipment		POSP					
Items	Attachments/POSP	name	1	ignore	Items/Attachments/POSP/POSP	tres					display		POSP					
Items	Attachments/POSP	type	0	ignore	Items/Attachments/POSP/POSP	tres					type		Attachment					
Items	Attachments/PRO	name	1	substr	Items/Attachments/PRO/PRO	tres					name		PRO					
Items	Attachments/PRO	name	1	ignore	Items/Attachments/PRO/PRO	tres					inventory		PRO					
Items	Attachments/PRO	name	1	ignore	Items/Attachments/PRO/PRO	tres					rotated		PRO					
Items	Attachments/PRO	name	1	ignore	Items/Attachments/PRO/PRO	tres					equipment		PRO					
Items	Attachments/PRO	name	1	ignore	Items/Attachments/PRO/PRO	tres					display		PRO					
Items	Attachments/PRO	type	0	ignore	Items/Attachments/PRO/PRO	tres					type		Attachment					
Items	Attachments/PTN	name	1	substr	Items/Attachments/PTN/PTN	tres					name		PTN					
Items	Attachments/PTN	name	1	ignore	Items/Attachments/PTN/PTN	tres					inventory		PTN					
Items	Attachments/PTN	name	1	ignore	Items/Attachments/PTN/PTN	tres					rotated		PTN					
Items	Attachments/PTN	name	1	ignore	Items/Attachments/PTN/PTN	tres					equipment		PTN					
Items	Attachments/PTN	name	1	ignore	Items/Attachments/PTN/PTN	tres					display		PTN					
Items	Attachments/PTN	type	0	ignore	Items/Attachments/PTN/PTN	tres					type		Attachment					
Items	Attachments/PU	name	1	substr	Items/Attachments/PU/PU	tres					name		PU Scope					
Items	Attachments/PU	name	1	ignore	Items/Attachments/PU/PU	tres					inventory		PU Scope					
Items	Attachments/PU	name	1	ignore	Items/Attachments/PU/PU	tres					rotated		PU Scope					
Items	Attachments/PU	name	1	ignore	Items/Attachments/PU/PU	tres					equipment		PU Scope					
Items	Attachments/PU	name	1	ignore	Items/Attachments/PU/PU	tres					display		PU Scope					
Items	Attachments/PU	type	0	ignore	Items/Attachments/PU/PU	tres					type		Attachment					
Items	Attachments/Rider	name	1	substr	Items/Attachments/Rider/Rider	tres					name		Rider					
Items	Attachments/Rider	name	1	ignore	Items/Attachments/Rider/Rider	tres					inventory		Rider					
Items	Attachments/Rider	name	1	ignore	Items/Attachments/Rider/Rider	tres					rotated		Rider					
Items	Attachments/Rider	name	1	ignore	Items/Attachments/Rider/Rider	tres					equipment		Rider					
Items	Attachments/Rider	name	1	ignore	Items/Attachments/Rider/Rider	tres					display		Rider					
Items	Attachments/Rider	type	0	ignore	Items/Attachments/Rider/Rider	tres					type		Attachment					
Items	Attachments/RMR	name	1	substr	Items/Attachments/RMR/RMR	tres					name		MRM					
Items	Attachments/RMR	name	1	ignore	Items/Attachments/RMR/RMR	tres					inventory		MRM					
Items	Attachments/RMR	name	1	ignore	Items/Attachments/RMR/RMR	tres					rotated		MRM					
Items	Attachments/RMR	name	1	ignore	Items/Attachments/RMR/RMR	tres					equipment		MRM					
Items	Attachments/RMR	name	1	ignore	Items/Attachments/RMR/RMR	tres					display		MRM					
Items	Attachments/RMR	type	0	ignore	Items/Attachments/RMR/RMR	tres					type		Attachment					
Items	Attachments/Salvo	name	1	substr	Items/Attachments/Salvo/Salvo	tres					name		SLV					
Items	Attachments/Salvo	name	1	ignore	Items/Attachments/Salvo/Salvo	tres					inventory		SLV					
Items	Attachments/Salvo	name	1	ignore	Items/Attachments/Salvo/Salvo	tres					rotated		SLV					
Items	Attachments/Salvo	name	1	ignore	Items/Attachments/Salvo/Salvo	tres					equipment		SLV					
Items	Attachments/Salvo	name	1	ignore	Items/Attachments/Salvo/Salvo	tres					display		SLV					
Items	Attachments/Salvo	type	0	ignore	Items/Attachments/Salvo/Salvo	tres					type		Attachment					
Items	Attachments/SOCOM	name	1	substr	Items/Attachments/SOCOM/SOCOM	tres					name		SOCOM					
Items	Attachments/SOCOM	name	1	ignore	Items/Attachments/SOCOM/SOCOM	tres					inventory		SOCOM					
Items	Attachments/SOCOM	name	1	ignore	Items/Attachments/SOCOM/SOCOM	tres					rotated		SOCOM					
Items	Attachments/SOCOM	name	1	ignore	Items/Attachments/SOCOM/SOCOM	tres					equipment		SOCOM					
Items	Attachments/SOCOM	name	1	ignore	Items/Attachments/SOCOM/SOCOM	tres					display		SOCOM					
Items	Attachments/SOCOM	type	0	ignore	Items/Attachments/SOCOM/SOCOM	tres					type		Attachment					
Items	Attachments/SRO	name	1	substr	Items/Attachments/SRO/SRO	tres					name		RSO					
Items	Attachments/SRO	name	1	ignore	Items/Attachments/SRO/SRO	tres					inventory		RSO					
Items	Attachments/SRO	name	1	ignore	Items/Attachments/SRO/SRO	tres					rotated		RSO					
Items	Attachments/SRO	name	1	ignore	Items/Attachments/SRO/SRO	tres					equipment		RSO					
Items	Attachments/SRO	name	1	ignore	Items/Attachments/SRO/SRO	tres					display		RSO					
Items	Attachments/SRO	type	0	ignore	Items/Attachments/SRO/SRO	tres					type		Attachment					
Items	Attachments/Thor	name	0	substr	Items/Attachments/Thor/Thor	tres					name		Thor	2028	トール			
Items	Attachments/Thor	name	0	ignore	Items/Attachments/Thor/Thor	tres					inventory		Thor					
Items	Attachments/Thor	name	0	ignore	Items/Attachments/Thor/Thor	tres					rotated		Thor					
Items	Attachments/Thor	name	0	ignore	Items/Attachments/Thor/Thor	tres					equipment		Thor					
Items	Attachments/Thor	name	0	ignore	Items/Attachments/Thor/Thor	tres					display		Thor					
Items	Attachments/Thor	type	0	ignore	Items/Attachments/Thor/Thor	tres					type		Attachment					
Items	Attachments/Vudu	name	1	substr	Items/Attachments/Vudu/Vudu	tres					name		VDU					
Items	Attachments/Vudu	name	1	ignore	Items/Attachments/Vudu/Vudu	tres					inventory		VDU					
Items	Attachments/Vudu	name	1	ignore	Items/Attachments/Vudu/Vudu	tres					rotated		VDU					
Items	Attachments/Vudu	name	1	ignore	Items/Attachments/Vudu/Vudu	tres					equipment		VDU					
Items	Attachments/Vudu	name	1	ignore	Items/Attachments/Vudu/Vudu	tres					display		VDU					
Items	Attachments/Vudu	type	0	ignore	Items/Attachments/Vudu/Vudu	tres					type		Attachment					
